 -0.164782E+03 -0.112733E+03 -0.585538E-16
  0.000000E+00
 -0.164242E+03 -0.112364E+03  0.202623E-16
  0.000000E+00
 -0.163701E+03 -0.111994E+03  0.376618E-15
  0.000000E+00
 -0.163416E+03 -0.111799E+03  0.533098E-15
  0.000000E+00
 -0.163131E+03 -0.111604E+03  0.220463E-15
  0.000000E+00
 -0.162591E+03 -0.111235E+03 -0.123979E-14
  0.000000E+00
 -0.162051E+03 -0.110865E+03 -0.227675E-14
  0.000000E+00
 -0.161766E+03 -0.110670E+03 -0.198273E-14
  0.000000E+00
 -0.161481E+03 -0.110475E+03 -0.169004E-14
  0.000000E+00
 -0.160940E+03 -0.110105E+03 -0.297508E-15
  0.000000E+00
 -0.160400E+03 -0.109736E+03  0.127573E-14
  0.000000E+00
 -0.160115E+03 -0.109541E+03  0.199187E-14
  0.000000E+00
 -0.159830E+03 -0.109346E+03  0.198494E-14
  0.000000E+00
 -0.159290E+03 -0.108976E+03  0.121581E-14
  0.000000E+00
 -0.158749E+03 -0.108606E+03  0.328731E-15
  0.000000E+00
 -0.158464E+03 -0.108411E+03 -0.157946E-15
  0.000000E+00
 -0.158179E+03 -0.108216E+03 -0.896743E-15
  0.000000E+00
 -0.157639E+03 -0.107847E+03 -0.447707E-15
  0.000000E+00
 -0.157099E+03 -0.107477E+03  0.116555E-15
  0.000000E+00
 -0.156814E+03 -0.107282E+03 -0.860657E-16
  0.000000E+00
 -0.156529E+03 -0.107087E+03  0.310690E-15
  0.000000E+00
 -0.155988E+03 -0.106717E+03  0.446684E-15
  0.000000E+00
 -0.155448E+03 -0.106348E+03  0.113529E-14
  0.000000E+00
 -0.155163E+03 -0.106153E+03  0.138064E-14
  0.000000E+00
 -0.154878E+03 -0.105958E+03  0.261313E-15
  0.000000E+00
 -0.154338E+03 -0.105588E+03 -0.765809E-16
  0.000000E+00
 -0.153797E+03 -0.105218E+03  0.329074E-15
  0.000000E+00
 -0.153512E+03 -0.105024E+03  0.703127E-15
  0.000000E+00
 -0.153227E+03 -0.104829E+03  0.104870E-14
  0.000000E+00
 -0.152687E+03 -0.104459E+03  0.648602E-15
  0.000000E+00
 -0.152147E+03 -0.104089E+03 -0.319049E-15
  0.000000E+00
 -0.151862E+03 -0.103894E+03 -0.791187E-15
  0.000000E+00
 -0.151577E+03 -0.103699E+03 -0.117313E-14
  0.000000E+00
 -0.151036E+03 -0.103330E+03 -0.881709E-15
  0.000000E+00
 -0.150496E+03 -0.102960E+03 -0.677876E-15
  0.000000E+00
 -0.150211E+03 -0.102765E+03 -0.902539E-15
  0.000000E+00
 -0.149926E+03 -0.102570E+03 -0.612052E-15
  0.000000E+00
 -0.149386E+03 -0.102200E+03  0.461294E-15
  0.000000E+00
 -0.148845E+03 -0.101831E+03  0.687566E-15
  0.000000E+00
 -0.148560E+03 -0.101636E+03 -0.347887E-16
  0.000000E+00
 -0.148275E+03 -0.101441E+03 -0.145902E-15
  0.000000E+00
 -0.147735E+03 -0.101071E+03 -0.544886E-15
  0.000000E+00
 -0.147195E+03 -0.100701E+03 -0.761393E-15
  0.000000E+00
 -0.146910E+03 -0.100506E+03 -0.865582E-15
  0.000000E+00
 -0.146625E+03 -0.100311E+03 -0.273398E-15
  0.000000E+00
 -0.146084E+03 -0.999417E+02 -0.123365E-15
  0.000000E+00
 -0.145544E+03 -0.995721E+02  0.361586E-15
  0.000000E+00
 -0.145259E+03 -0.993771E+02  0.832605E-15
  0.000000E+00
 -0.144974E+03 -0.991821E+02  0.125549E-14
  0.000000E+00
 -0.144434E+03 -0.988124E+02  0.121695E-14
  0.000000E+00
 -0.143893E+03 -0.984428E+02  0.873282E-15
  0.000000E+00
 -0.143608E+03 -0.982478E+02  0.128748E-14
  0.000000E+00
 -0.143323E+03 -0.980528E+02  0.552689E-15
  0.000000E+00
 -0.142783E+03 -0.976831E+02 -0.105588E-14
  0.000000E+00
 -0.142243E+03 -0.973135E+02 -0.131426E-14
  0.000000E+00
 -0.141958E+03 -0.971185E+02 -0.273147E-15
  0.000000E+00
 -0.141673E+03 -0.969235E+02 -0.845054E-15
  0.000000E+00
 -0.141132E+03 -0.965539E+02 -0.307115E-15
  0.000000E+00
 -0.140592E+03 -0.961842E+02  0.586951E-15
  0.000000E+00
 -0.140307E+03 -0.959892E+02  0.678262E-15
  0.000000E+00
 -0.140022E+03 -0.957942E+02  0.213767E-15
  0.000000E+00
 -0.139482E+03 -0.954246E+02  0.630851E-15
  0.000000E+00
 -0.138941E+03 -0.950549E+02  0.609349E-15
  0.000000E+00
 -0.138656E+03 -0.948599E+02 -0.411128E-15
  0.000000E+00
 -0.138371E+03 -0.946649E+02 -0.417900E-15
  0.000000E+00
 -0.137831E+03 -0.942953E+02 -0.844353E-15
  0.000000E+00
 -0.137291E+03 -0.939256E+02 -0.103430E-14
  0.000000E+00
 -0.137006E+03 -0.937307E+02 -0.865696E-15
  0.000000E+00
 -0.136721E+03 -0.935357E+02 -0.834161E-15
  0.000000E+00
 -0.136180E+03 -0.931660E+02  0.130584E-15
  0.000000E+00
 -0.135640E+03 -0.927964E+02  0.745303E-15
  0.000000E+00
 -0.135355E+03 -0.926014E+02  0.566929E-15
  0.000000E+00
 -0.135070E+03 -0.924064E+02  0.183139E-15
  0.000000E+00
 -0.134530E+03 -0.920367E+02 -0.645429E-15
  0.000000E+00
 -0.133989E+03 -0.916671E+02 -0.855034E-16
  0.000000E+00
 -0.133704E+03 -0.914721E+02  0.656362E-15
  0.000000E+00
 -0.133419E+03 -0.912771E+02  0.114729E-14
  0.000000E+00
 -0.132879E+03 -0.909074E+02  0.856969E-15
  0.000000E+00
 -0.132339E+03 -0.905378E+02 -0.101401E-15
  0.000000E+00
 -0.132054E+03 -0.903428E+02 -0.172873E-15
  0.000000E+00
 -0.131769E+03 -0.901478E+02  0.238561E-15
  0.000000E+00
 -0.131228E+03 -0.897782E+02  0.786776E-15
  0.000000E+00
 -0.130688E+03 -0.894085E+02  0.118465E-15
  0.000000E+00
 -0.130403E+03 -0.892135E+02 -0.809801E-15
  0.000000E+00
 -0.130118E+03 -0.890185E+02 -0.728602E-15
  0.000000E+00
 -0.129578E+03 -0.886489E+02 -0.379837E-15
  0.000000E+00
 -0.129037E+03 -0.882792E+02 -0.230947E-15
  0.000000E+00
 -0.128752E+03 -0.880842E+02 -0.521529E-15
  0.000000E+00
 -0.128467E+03 -0.878892E+02  0.139536E-16
  0.000000E+00
 -0.127927E+03 -0.875196E+02  0.782295E-15
  0.000000E+00
 -0.127387E+03 -0.871499E+02  0.147822E-14
  0.000000E+00
 -0.127102E+03 -0.869549E+02  0.192383E-14
  0.000000E+00
 -0.126817E+03 -0.867599E+02  0.875509E-15
  0.000000E+00
 -0.126276E+03 -0.863903E+02  0.689935E-15
  0.000000E+00
 -0.125736E+03 -0.860207E+02  0.287097E-15
  0.000000E+00
 -0.125451E+03 -0.858257E+02 -0.870005E-15
  0.000000E+00
 -0.125166E+03 -0.856307E+02 -0.117222E-14
  0.000000E+00
 -0.124626E+03 -0.852610E+02 -0.168481E-14
  0.000000E+00
 -0.124085E+03 -0.848914E+02 -0.166215E-14
  0.000000E+00
 -0.123800E+03 -0.846964E+02 -0.126683E-14
  0.000000E+00
 -0.123515E+03 -0.845014E+02 -0.989099E-15
  0.000000E+00
 -0.122975E+03 -0.841317E+02 -0.470037E-18
  0.000000E+00
 -0.122435E+03 -0.837621E+02 -0.663456E-16
  0.000000E+00
 -0.122150E+03 -0.835671E+02 -0.105034E-14
  0.000000E+00
 -0.121865E+03 -0.833721E+02 -0.809512E-15
  0.000000E+00
 -0.121324E+03 -0.830024E+02 -0.892418E-16
  0.000000E+00
 -0.120784E+03 -0.826328E+02  0.182130E-15
  0.000000E+00
 -0.120499E+03 -0.824378E+02 -0.558828E-15
  0.000000E+00
 -0.120214E+03 -0.822428E+02  0.466109E-15
  0.000000E+00
 -0.119674E+03 -0.818732E+02  0.278352E-15
  0.000000E+00
 -0.119133E+03 -0.815035E+02 -0.359736E-15
  0.000000E+00
 -0.118848E+03 -0.813085E+02  0.220803E-15
  0.000000E+00
 -0.118563E+03 -0.811135E+02 -0.678626E-15
  0.000000E+00
 -0.118023E+03 -0.807439E+02 -0.476088E-15
  0.000000E+00
 -0.117483E+03 -0.803742E+02  0.107358E-14
  0.000000E+00
 -0.117198E+03 -0.801792E+02  0.198328E-14
  0.000000E+00
 -0.116913E+03 -0.799842E+02  0.749577E-15
  0.000000E+00
 -0.116372E+03 -0.796146E+02  0.825205E-15
  0.000000E+00
 -0.115832E+03 -0.792449E+02  0.934654E-15
  0.000000E+00
 -0.115547E+03 -0.790499E+02 -0.791014E-16
  0.000000E+00
 -0.115262E+03 -0.788549E+02 -0.105714E-14
  0.000000E+00
 -0.114722E+03 -0.784853E+02 -0.164669E-14
  0.000000E+00
 -0.114181E+03 -0.781157E+02 -0.719545E-15
  0.000000E+00
 -0.113896E+03 -0.779207E+02  0.479856E-15
  0.000000E+00
 -0.113611E+03 -0.777257E+02  0.126305E-14
  0.000000E+00
 -0.113071E+03 -0.773560E+02  0.459586E-15
  0.000000E+00
 -0.112531E+03 -0.769864E+02 -0.245443E-15
  0.000000E+00
 -0.112246E+03 -0.767914E+02 -0.157771E-15
  0.000000E+00
 -0.111961E+03 -0.765964E+02 -0.863978E-15
  0.000000E+00
 -0.111420E+03 -0.762267E+02 -0.320570E-15
  0.000000E+00
 -0.110880E+03 -0.758571E+02  0.522122E-15
  0.000000E+00
 -0.110595E+03 -0.756621E+02  0.734348E-15
  0.000000E+00
 -0.110310E+03 -0.754671E+02  0.914874E-15
  0.000000E+00
 -0.109770E+03 -0.750974E+02  0.725921E-15
  0.000000E+00
 -0.109229E+03 -0.747278E+02  0.187093E-15
  0.000000E+00
 -0.108944E+03 -0.745328E+02 -0.238720E-15
  0.000000E+00
 -0.108659E+03 -0.743378E+02 -0.156917E-14
  0.000000E+00
 -0.108119E+03 -0.739682E+02 -0.164881E-14
  0.000000E+00
 -0.107579E+03 -0.735985E+02  0.191617E-15
  0.000000E+00
 -0.107294E+03 -0.734035E+02  0.149301E-14
  0.000000E+00
 -0.107009E+03 -0.732085E+02  0.265398E-14
  0.000000E+00
 -0.106468E+03 -0.728389E+02  0.288012E-14
  0.000000E+00
 -0.105928E+03 -0.724692E+02  0.161744E-14
  0.000000E+00
 -0.105643E+03 -0.722742E+02  0.359847E-15
  0.000000E+00
 -0.105358E+03 -0.720792E+02  0.199419E-15
  0.000000E+00
 -0.104818E+03 -0.717096E+02 -0.485238E-15
  0.000000E+00
 -0.104277E+03 -0.713399E+02 -0.589753E-15
  0.000000E+00
 -0.103992E+03 -0.711450E+02  0.799913E-16
  0.000000E+00
 -0.103707E+03 -0.709500E+02 -0.108334E-15
  0.000000E+00
 -0.103167E+03 -0.705803E+02  0.461470E-15
  0.000000E+00
 -0.102627E+03 -0.702107E+02  0.139953E-15
  0.000000E+00
 -0.102342E+03 -0.700157E+02 -0.406129E-15
  0.000000E+00
 -0.102057E+03 -0.698207E+02 -0.119770E-14
  0.000000E+00
 -0.101516E+03 -0.694510E+02 -0.178098E-14
  0.000000E+00
 -0.100976E+03 -0.690814E+02 -0.159458E-14
  0.000000E+00
 -0.100691E+03 -0.688864E+02 -0.170065E-14
  0.000000E+00
 -0.100406E+03 -0.686914E+02 -0.908806E-15
  0.000000E+00
 -0.998656E+02 -0.683217E+02  0.123576E-15
  0.000000E+00
 -0.993253E+02 -0.679521E+02  0.392892E-15
  0.000000E+00
 -0.990403E+02 -0.677571E+02 -0.296760E-15
  0.000000E+00
 -0.987552E+02 -0.675621E+02 -0.634618E-15
  0.000000E+00
 -0.982149E+02 -0.671925E+02 -0.158254E-14
  0.000000E+00
 -0.976746E+02 -0.668228E+02 -0.128015E-14
  0.000000E+00
 -0.973896E+02 -0.666278E+02  0.153170E-15
  0.000000E+00
 -0.971046E+02 -0.664328E+02  0.670156E-15
  0.000000E+00
 -0.965643E+02 -0.660632E+02  0.130170E-14
  0.000000E+00
 -0.960240E+02 -0.656935E+02  0.158054E-14
  0.000000E+00
 -0.957389E+02 -0.654985E+02  0.215414E-14
  0.000000E+00
 -0.954539E+02 -0.653035E+02  0.762687E-15
  0.000000E+00
 -0.949136E+02 -0.649339E+02 -0.124090E-15
  0.000000E+00
 -0.943733E+02 -0.645642E+02 -0.626019E-15
  0.000000E+00
 -0.940883E+02 -0.643692E+02 -0.162070E-14
  0.000000E+00
 -0.938032E+02 -0.641742E+02 -0.148717E-14
  0.000000E+00
 -0.932629E+02 -0.638046E+02 -0.154077E-14
  0.000000E+00
 -0.927226E+02 -0.634350E+02 -0.811156E-15
  0.000000E+00
 -0.924376E+02 -0.632400E+02  0.266719E-15
  0.000000E+00
 -0.921526E+02 -0.630450E+02  0.129219E-14
  0.000000E+00
 -0.916123E+02 -0.626753E+02  0.260231E-14
  0.000000E+00
 -0.910719E+02 -0.623057E+02  0.240641E-14
  0.000000E+00
 -0.907869E+02 -0.621107E+02  0.998577E-15
  0.000000E+00
 -0.905019E+02 -0.619157E+02  0.575378E-15
  0.000000E+00
 -0.899616E+02 -0.615460E+02 -0.923012E-16
  0.000000E+00
 -0.894213E+02 -0.611764E+02 -0.362127E-15
  0.000000E+00
 -0.891362E+02 -0.609814E+02  0.845962E-16
  0.000000E+00
 -0.888512E+02 -0.607864E+02 -0.629988E-15
  0.000000E+00
 -0.883109E+02 -0.604167E+02 -0.130876E-14
  0.000000E+00
 -0.877706E+02 -0.600471E+02 -0.110188E-14
  0.000000E+00
 -0.874856E+02 -0.598521E+02 -0.687936E-15
  0.000000E+00
 -0.872005E+02 -0.596571E+02 -0.291831E-15
  0.000000E+00
 -0.866602E+02 -0.592875E+02 -0.496533E-15
  0.000000E+00
 -0.861199E+02 -0.589178E+02 -0.774252E-15
  0.000000E+00
 -0.858349E+02 -0.587228E+02 -0.128333E-15
  0.000000E+00
 -0.855499E+02 -0.585278E+02 -0.159540E-15
  0.000000E+00
 -0.850096E+02 -0.581582E+02 -0.133397E-15
  0.000000E+00
 -0.844693E+02 -0.577885E+02 -0.595873E-16
  0.000000E+00
 -0.841842E+02 -0.575935E+02  0.271032E-16
  0.000000E+00
 -0.838992E+02 -0.573985E+02 -0.435637E-16
  0.000000E+00
 -0.833589E+02 -0.570289E+02  0.418829E-15
  0.000000E+00
 -0.828186E+02 -0.566592E+02  0.766558E-15
  0.000000E+00
 -0.825336E+02 -0.564642E+02  0.455990E-15
  0.000000E+00
 -0.822485E+02 -0.562693E+02  0.440408E-15
  0.000000E+00
 -0.817082E+02 -0.558996E+02  0.656568E-15
  0.000000E+00
 -0.811679E+02 -0.555300E+02  0.119124E-14
  0.000000E+00
 -0.808829E+02 -0.553350E+02  0.119179E-14
  0.000000E+00
 -0.805979E+02 -0.551400E+02  0.819497E-15
  0.000000E+00
 -0.800576E+02 -0.547703E+02 -0.328744E-15
  0.000000E+00
 -0.795172E+02 -0.544007E+02 -0.115105E-14
  0.000000E+00
 -0.792322E+02 -0.542057E+02 -0.558549E-15
  0.000000E+00
 -0.789472E+02 -0.540107E+02 -0.115690E-14
  0.000000E+00
 -0.784069E+02 -0.536410E+02 -0.549696E-15
  0.000000E+00
 -0.778666E+02 -0.532714E+02  0.761422E-15
  0.000000E+00
 -0.775815E+02 -0.530764E+02  0.681520E-15
  0.000000E+00
 -0.772965E+02 -0.528814E+02  0.108798E-14
  0.000000E+00
 -0.767562E+02 -0.525118E+02  0.480895E-16
  0.000000E+00
 -0.762159E+02 -0.521421E+02 -0.117777E-14
  0.000000E+00
 -0.759309E+02 -0.519471E+02 -0.135999E-14
  0.000000E+00
 -0.756458E+02 -0.517521E+02 -0.105987E-14
  0.000000E+00
 -0.751055E+02 -0.513825E+02 -0.495078E-15
  0.000000E+00
 -0.745652E+02 -0.510128E+02 -0.223001E-15
  0.000000E+00
 -0.742802E+02 -0.508178E+02  0.330969E-15
  0.000000E+00
 -0.739952E+02 -0.506228E+02  0.451243E-15
  0.000000E+00
 -0.734549E+02 -0.502532E+02  0.795303E-15
  0.000000E+00
 -0.729146E+02 -0.498835E+02  0.174719E-14
  0.000000E+00
 -0.726295E+02 -0.496885E+02  0.225860E-14
  0.000000E+00
 -0.723445E+02 -0.494935E+02  0.200926E-14
  0.000000E+00
 -0.718042E+02 -0.491239E+02  0.844425E-15
  0.000000E+00
 -0.712639E+02 -0.487542E+02 -0.730498E-15
  0.000000E+00
 -0.709789E+02 -0.485593E+02 -0.139010E-14
  0.000000E+00
 -0.706938E+02 -0.483643E+02 -0.131063E-14
  0.000000E+00
 -0.701535E+02 -0.479946E+02 -0.145317E-14
  0.000000E+00
 -0.696132E+02 -0.476250E+02 -0.141479E-14
  0.000000E+00
 -0.693282E+02 -0.474300E+02 -0.129036E-14
  0.000000E+00
 -0.690432E+02 -0.472350E+02 -0.973597E-15
  0.000000E+00
 -0.685029E+02 -0.468653E+02 -0.706318E-16
  0.000000E+00
 -0.679625E+02 -0.464957E+02  0.569249E-15
  0.000000E+00
 -0.676775E+02 -0.463007E+02  0.398375E-15
  0.000000E+00
 -0.673925E+02 -0.461057E+02  0.321829E-15
  0.000000E+00
 -0.668522E+02 -0.457360E+02  0.434518E-15
  0.000000E+00
 -0.663119E+02 -0.453664E+02  0.738367E-15
  0.000000E+00
 -0.660268E+02 -0.451714E+02  0.116348E-14
  0.000000E+00
 -0.657418E+02 -0.449764E+02  0.698050E-15
  0.000000E+00
 -0.652015E+02 -0.446068E+02  0.436035E-15
  0.000000E+00
 -0.646612E+02 -0.442371E+02  0.493994E-15
  0.000000E+00
 -0.643762E+02 -0.440421E+02  0.752219E-15
  0.000000E+00
 -0.640912E+02 -0.438471E+02 -0.600310E-16
  0.000000E+00
 -0.635508E+02 -0.434775E+02  0.153994E-15
  0.000000E+00
 -0.630105E+02 -0.431078E+02  0.534457E-15
  0.000000E+00
 -0.627255E+02 -0.429128E+02 -0.127583E-16
  0.000000E+00
 -0.624405E+02 -0.427178E+02  0.331736E-15
  0.000000E+00
 -0.619002E+02 -0.423482E+02 -0.381340E-15
  0.000000E+00
 -0.613599E+02 -0.419785E+02 -0.689436E-15
  0.000000E+00
 -0.610748E+02 -0.417835E+02 -0.428066E-15
  0.000000E+00
 -0.607898E+02 -0.415885E+02 -0.814132E-15
  0.000000E+00
 -0.602495E+02 -0.412189E+02 -0.654920E-15
  0.000000E+00
 -0.597092E+02 -0.408493E+02 -0.454727E-15
  0.000000E+00
 -0.594242E+02 -0.406543E+02 -0.422793E-15
  0.000000E+00
 -0.591391E+02 -0.404593E+02 -0.739292E-15
  0.000000E+00
 -0.585988E+02 -0.400896E+02  0.205154E-15
  0.000000E+00
 -0.580585E+02 -0.397200E+02  0.978390E-15
  0.000000E+00
 -0.577735E+02 -0.395250E+02  0.760723E-15
  0.000000E+00
 -0.574885E+02 -0.393300E+02  0.617620E-15
  0.000000E+00
 -0.569482E+02 -0.389603E+02  0.917397E-16
  0.000000E+00
 -0.564078E+02 -0.385907E+02  0.165387E-15
  0.000000E+00
 -0.561228E+02 -0.383957E+02  0.431262E-15
  0.000000E+00
 -0.558378E+02 -0.382007E+02 -0.148485E-15
  0.000000E+00
 -0.552975E+02 -0.378310E+02 -0.740555E-15
  0.000000E+00
 -0.547572E+02 -0.374614E+02 -0.111414E-14
  0.000000E+00
 -0.544722E+02 -0.372664E+02 -0.141498E-14
  0.000000E+00
 -0.541871E+02 -0.370714E+02 -0.118255E-14
  0.000000E+00
 -0.536468E+02 -0.367018E+02 -0.247728E-15
  0.000000E+00
 -0.531065E+02 -0.363321E+02  0.214200E-15
  0.000000E+00
 -0.528215E+02 -0.361371E+02  0.118328E-15
  0.000000E+00
 -0.525365E+02 -0.359421E+02  0.923450E-15
  0.000000E+00
 -0.519961E+02 -0.355725E+02  0.927551E-15
  0.000000E+00
 -0.514558E+02 -0.352028E+02  0.568827E-15
  0.000000E+00
 -0.511708E+02 -0.350078E+02  0.630622E-15
  0.000000E+00
 -0.508858E+02 -0.348128E+02  0.100005E-15
  0.000000E+00
 -0.503455E+02 -0.344432E+02  0.302057E-15
  0.000000E+00
 -0.498052E+02 -0.340735E+02  0.108620E-15
  0.000000E+00
 -0.495201E+02 -0.338785E+02 -0.736787E-15
  0.000000E+00
 -0.492351E+02 -0.336836E+02 -0.797984E-16
  0.000000E+00
 -0.486948E+02 -0.333139E+02  0.127550E-15
  0.000000E+00
 -0.481545E+02 -0.329443E+02  0.264173E-16
  0.000000E+00
 -0.478695E+02 -0.327493E+02  0.571795E-16
  0.000000E+00
 -0.475844E+02 -0.325543E+02 -0.145841E-15
  0.000000E+00
 -0.470441E+02 -0.321846E+02  0.200206E-15
  0.000000E+00
 -0.465038E+02 -0.318150E+02  0.483954E-15
  0.000000E+00
 -0.462188E+02 -0.316200E+02  0.281234E-15
  0.000000E+00
 -0.459338E+02 -0.314250E+02  0.493231E-16
  0.000000E+00
 -0.453935E+02 -0.310553E+02  0.172507E-15
  0.000000E+00
 -0.448531E+02 -0.306857E+02  0.471355E-16
  0.000000E+00
 -0.445681E+02 -0.304907E+02 -0.370612E-15
  0.000000E+00
 -0.442831E+02 -0.302957E+02 -0.735277E-16
  0.000000E+00
 -0.437428E+02 -0.299261E+02 -0.277371E-15
  0.000000E+00
 -0.432025E+02 -0.295564E+02 -0.408256E-15
  0.000000E+00
 -0.429175E+02 -0.293614E+02 -0.363909E-15
  0.000000E+00
 -0.426324E+02 -0.291664E+02 -0.386626E-16
  0.000000E+00
 -0.420921E+02 -0.287968E+02 -0.781003E-16
  0.000000E+00
 -0.415518E+02 -0.284271E+02 -0.160676E-15
  0.000000E+00
 -0.412668E+02 -0.282321E+02  0.306461E-16
  0.000000E+00
 -0.409818E+02 -0.280371E+02  0.293158E-15
  0.000000E+00
 -0.404414E+02 -0.276675E+02  0.489690E-15
  0.000000E+00
 -0.399011E+02 -0.272978E+02 -0.814010E-17
  0.000000E+00
 -0.396161E+02 -0.271028E+02 -0.554868E-15
  0.000000E+00
 -0.393311E+02 -0.269078E+02 -0.372646E-15
  0.000000E+00
 -0.387908E+02 -0.265382E+02  0.193519E-14
  0.000000E+00
 -0.382505E+02 -0.261686E+02  0.354199E-14
  0.000000E+00
 -0.379654E+02 -0.259736E+02  0.300211E-14
  0.000000E+00
 -0.376804E+02 -0.257786E+02  0.296353E-14
  0.000000E+00
 -0.371401E+02 -0.254089E+02  0.113447E-14
  0.000000E+00
 -0.365998E+02 -0.250393E+02 -0.104449E-14
  0.000000E+00
 -0.363148E+02 -0.248443E+02 -0.143953E-14
  0.000000E+00
 -0.360297E+02 -0.246493E+02 -0.417053E-14
  0.000000E+00
 -0.354894E+02 -0.242796E+02 -0.160051E-13
  0.000000E+00
 -0.349491E+02 -0.239100E+02 -0.398995E-13
  0.000000E+00
 -0.346641E+02 -0.237150E+02 -0.588413E-13
  0.000000E+00
 -0.343791E+02 -0.235200E+02 -0.822838E-13
  0.000000E+00
 -0.338388E+02 -0.231503E+02 -0.136091E-12
  0.000000E+00
 -0.332985E+02 -0.227807E+02 -0.195130E-12
  0.000000E+00
 -0.330134E+02 -0.225857E+02 -0.226712E-12
  0.000000E+00
 -0.327284E+02 -0.223907E+02 -0.239458E-12
  0.000000E+00
 -0.321881E+02 -0.220211E+02 -0.199509E-12
  0.000000E+00
 -0.316478E+02 -0.216514E+02  0.562706E-13
  0.000000E+00
 -0.313628E+02 -0.214564E+02  0.334281E-12
  0.000000E+00
 -0.310777E+02 -0.212614E+02  0.772112E-12
  0.000000E+00
 -0.305374E+02 -0.208918E+02  0.219676E-11
  0.000000E+00
 -0.299971E+02 -0.205221E+02  0.471167E-11
  0.000000E+00
 -0.297121E+02 -0.203271E+02  0.663958E-11
  0.000000E+00
 -0.294271E+02 -0.201321E+02  0.884009E-11
  0.000000E+00
 -0.288867E+02 -0.197625E+02  0.141781E-10
  0.000000E+00
 -0.283464E+02 -0.193928E+02  0.194384E-10
  0.000000E+00
 -0.280614E+02 -0.191978E+02  0.216127E-10
  0.000000E+00
 -0.277764E+02 -0.190028E+02  0.213708E-10
  0.000000E+00
 -0.272361E+02 -0.186332E+02  0.126576E-10
  0.000000E+00
 -0.266958E+02 -0.182636E+02 -0.207536E-10
  0.000000E+00
 -0.264107E+02 -0.180686E+02 -0.543914E-10
  0.000000E+00
 -0.261257E+02 -0.178736E+02 -0.104562E-09
  0.000000E+00
 -0.255854E+02 -0.175039E+02 -0.261406E-09
  0.000000E+00
 -0.250451E+02 -0.171343E+02 -0.523340E-09
  0.000000E+00
 -0.247601E+02 -0.169393E+02 -0.717300E-09
  0.000000E+00
 -0.244750E+02 -0.167443E+02 -0.929368E-09
  0.000000E+00
 -0.239347E+02 -0.163746E+02 -0.141510E-08
  0.000000E+00
 -0.233944E+02 -0.160050E+02 -0.181009E-08
  0.000000E+00
 -0.231094E+02 -0.158100E+02 -0.190649E-08
  0.000000E+00
 -0.228244E+02 -0.156150E+02 -0.171995E-08
  0.000000E+00
 -0.222841E+02 -0.152453E+02 -0.376890E-09
  0.000000E+00
 -0.217438E+02 -0.148757E+02  0.363668E-08
  0.000000E+00
 -0.214587E+02 -0.146807E+02  0.743987E-08
  0.000000E+00
 -0.211737E+02 -0.144857E+02  0.128374E-07
  0.000000E+00
 -0.206334E+02 -0.141161E+02  0.290720E-07
  0.000000E+00
 -0.200931E+02 -0.137464E+02  0.546648E-07
  0.000000E+00
 -0.198081E+02 -0.135514E+02  0.728799E-07
  0.000000E+00
 -0.195230E+02 -0.133564E+02  0.918073E-07
  0.000000E+00
 -0.189827E+02 -0.129868E+02  0.131861E-06
  0.000000E+00
 -0.184424E+02 -0.126171E+02  0.154694E-06
  0.000000E+00
 -0.181574E+02 -0.124221E+02  0.150873E-06
  0.000000E+00
 -0.178724E+02 -0.122271E+02  0.116710E-06
  0.000000E+00
 -0.173320E+02 -0.118575E+02 -0.563147E-07
  0.000000E+00
 -0.167917E+02 -0.114878E+02 -0.494961E-06
  0.000000E+00
 -0.165067E+02 -0.112928E+02 -0.889271E-06
  0.000000E+00
 -0.162217E+02 -0.110979E+02 -0.142307E-05
  0.000000E+00
 -0.156814E+02 -0.107282E+02 -0.296381E-05
  0.000000E+00
 -0.151411E+02 -0.103586E+02 -0.523772E-05
  0.000000E+00
 -0.148560E+02 -0.101636E+02 -0.677597E-05
  0.000000E+00
 -0.145710E+02 -0.996857E+01 -0.827270E-05
  0.000000E+00
 -0.140307E+02 -0.959892E+01 -0.110683E-04
  0.000000E+00
 -0.134904E+02 -0.922928E+01 -0.115397E-04
  0.000000E+00
 -0.132054E+02 -0.903428E+01 -0.992274E-05
  0.000000E+00
 -0.129203E+02 -0.883928E+01 -0.544162E-05
  0.000000E+00
 -0.123800E+02 -0.846964E+01  0.134876E-04
  0.000000E+00
 -0.118397E+02 -0.809999E+01  0.554963E-04
  0.000000E+00
 -0.115547E+02 -0.790499E+01  0.912856E-04
  0.000000E+00
 -0.112697E+02 -0.771000E+01  0.137304E-03
  0.000000E+00
 -0.107294E+02 -0.734035E+01  0.263397E-03
  0.000000E+00
 -0.101891E+02 -0.697071E+01  0.433695E-03
  0.000000E+00
 -0.990403E+01 -0.677571E+01  0.540070E-03
  0.000000E+00
 -0.961900E+01 -0.658071E+01  0.633710E-03
  0.000000E+00
 -0.907869E+01 -0.621107E+01  0.767121E-03
  0.000000E+00
 -0.853838E+01 -0.584142E+01  0.660546E-03
  0.000000E+00
 -0.825336E+01 -0.564642E+01  0.429401E-03
  0.000000E+00
 -0.796833E+01 -0.545143E+01 -0.118456E-04
  0.000000E+00
 -0.742802E+01 -0.508178E+01 -0.163717E-02
  0.000000E+00
 -0.688771E+01 -0.471214E+01 -0.474597E-02
  0.000000E+00
 -0.660268E+01 -0.451714E+01 -0.719567E-02
  0.000000E+00
 -0.631766E+01 -0.432214E+01 -0.101070E-01
  0.000000E+00
 -0.577735E+01 -0.395250E+01 -0.173173E-01
  0.000000E+00
 -0.523704E+01 -0.358285E+01 -0.253702E-01
  0.000000E+00
 -0.495201E+01 -0.338785E+01 -0.293528E-01
  0.000000E+00
 -0.466699E+01 -0.319286E+01 -0.319956E-01
  0.000000E+00
 -0.412668E+01 -0.282321E+01 -0.310214E-01
  0.000000E+00
 -0.358637E+01 -0.245357E+01 -0.154600E-01
  0.000000E+00
 -0.330134E+01 -0.225857E+01  0.188050E-02
  0.000000E+00
 -0.301632E+01 -0.206357E+01  0.242339E-01
  0.000000E+00
 -0.247601E+01 -0.169393E+01  0.871553E-01
  0.000000E+00
 -0.193570E+01 -0.132428E+01  0.155790E+00
  0.000000E+00
 -0.165067E+01 -0.112928E+01  0.181557E+00
  0.000000E+00
 -0.136564E+01 -0.934288E+00  0.197678E+00
  0.000000E+00
 -0.825336E+00 -0.564642E+00  0.152611E+00
  0.000000E+00
 -0.285027E+00 -0.194997E+00  0.577067E-01
  0.000000E+00
  0.000000E+00  0.000000E+00  0.516290E-14
  0.000000E+00
  0.285027E+00  0.194997E+00 -0.577067E-01
  0.000000E+00
  0.825336E+00  0.564642E+00 -0.152611E+00
  0.000000E+00
  0.136564E+01  0.934288E+00 -0.197678E+00
  0.000000E+00
  0.165067E+01  0.112928E+01 -0.181557E+00
  0.000000E+00
  0.193570E+01  0.132428E+01 -0.155790E+00
  0.000000E+00
  0.247601E+01  0.169393E+01 -0.871553E-01
  0.000000E+00
  0.301632E+01  0.206357E+01 -0.242339E-01
  0.000000E+00
  0.330134E+01  0.225857E+01 -0.188050E-02
  0.000000E+00
  0.358637E+01  0.245357E+01  0.154600E-01
  0.000000E+00
  0.412668E+01  0.282321E+01  0.310214E-01
  0.000000E+00
  0.466699E+01  0.319286E+01  0.319956E-01
  0.000000E+00
  0.495201E+01  0.338785E+01  0.293528E-01
  0.000000E+00
  0.523704E+01  0.358285E+01  0.253702E-01
  0.000000E+00
  0.577735E+01  0.395250E+01  0.173173E-01
  0.000000E+00
  0.631766E+01  0.432214E+01  0.101070E-01
  0.000000E+00
  0.660268E+01  0.451714E+01  0.719567E-02
  0.000000E+00
  0.688771E+01  0.471214E+01  0.474597E-02
  0.000000E+00
  0.742802E+01  0.508178E+01  0.163717E-02
  0.000000E+00
  0.796833E+01  0.545143E+01  0.118456E-04
  0.000000E+00
  0.825336E+01  0.564642E+01 -0.429401E-03
  0.000000E+00
  0.853838E+01  0.584142E+01 -0.660546E-03
  0.000000E+00
  0.907869E+01  0.621107E+01 -0.767121E-03
  0.000000E+00
  0.961900E+01  0.658071E+01 -0.633710E-03
  0.000000E+00
  0.990403E+01  0.677571E+01 -0.540070E-03
  0.000000E+00
  0.101891E+02  0.697071E+01 -0.433695E-03
  0.000000E+00
  0.107294E+02  0.734035E+01 -0.263397E-03
  0.000000E+00
  0.112697E+02  0.771000E+01 -0.137304E-03
  0.000000E+00
  0.115547E+02  0.790499E+01 -0.912856E-04
  0.000000E+00
  0.118397E+02  0.809999E+01 -0.554963E-04
  0.000000E+00
  0.123800E+02  0.846964E+01 -0.134876E-04
  0.000000E+00
  0.129203E+02  0.883928E+01  0.544162E-05
  0.000000E+00
  0.132054E+02  0.903428E+01  0.992274E-05
  0.000000E+00
  0.134904E+02  0.922928E+01  0.115397E-04
  0.000000E+00
  0.140307E+02  0.959892E+01  0.110683E-04
  0.000000E+00
  0.145710E+02  0.996857E+01  0.827270E-05
  0.000000E+00
  0.148560E+02  0.101636E+02  0.677597E-05
  0.000000E+00
  0.151411E+02  0.103586E+02  0.523772E-05
  0.000000E+00
  0.156814E+02  0.107282E+02  0.296381E-05
  0.000000E+00
  0.162217E+02  0.110979E+02  0.142307E-05
  0.000000E+00
  0.165067E+02  0.112928E+02  0.889271E-06
  0.000000E+00
  0.167917E+02  0.114878E+02  0.494961E-06
  0.000000E+00
  0.173320E+02  0.118575E+02  0.563147E-07
  0.000000E+00
  0.178724E+02  0.122271E+02 -0.116710E-06
  0.000000E+00
  0.181574E+02  0.124221E+02 -0.150873E-06
  0.000000E+00
  0.184424E+02  0.126171E+02 -0.154694E-06
  0.000000E+00
  0.189827E+02  0.129868E+02 -0.131861E-06
  0.000000E+00
  0.195230E+02  0.133564E+02 -0.918073E-07
  0.000000E+00
  0.198081E+02  0.135514E+02 -0.728799E-07
  0.000000E+00
  0.200931E+02  0.137464E+02 -0.546648E-07
  0.000000E+00
  0.206334E+02  0.141161E+02 -0.290720E-07
  0.000000E+00
  0.211737E+02  0.144857E+02 -0.128374E-07
  0.000000E+00
  0.214587E+02  0.146807E+02 -0.743988E-08
  0.000000E+00
  0.217438E+02  0.148757E+02 -0.363668E-08
  0.000000E+00
  0.222841E+02  0.152453E+02  0.376890E-09
  0.000000E+00
  0.228244E+02  0.156150E+02  0.171995E-08
  0.000000E+00
  0.231094E+02  0.158100E+02  0.190650E-08
  0.000000E+00
  0.233944E+02  0.160050E+02  0.181010E-08
  0.000000E+00
  0.239347E+02  0.163746E+02  0.141510E-08
  0.000000E+00
  0.244750E+02  0.167443E+02  0.929365E-09
  0.000000E+00
  0.247601E+02  0.169393E+02  0.717298E-09
  0.000000E+00
  0.250451E+02  0.171343E+02  0.523340E-09
  0.000000E+00
  0.255854E+02  0.175039E+02  0.261408E-09
  0.000000E+00
  0.261257E+02  0.178736E+02  0.104563E-09
  0.000000E+00
  0.264107E+02  0.180686E+02  0.543923E-10
  0.000000E+00
  0.266958E+02  0.182636E+02  0.207512E-10
  0.000000E+00
  0.272361E+02  0.186332E+02 -0.126598E-10
  0.000000E+00
  0.277764E+02  0.190028E+02 -0.213706E-10
  0.000000E+00
  0.280614E+02  0.191978E+02 -0.216102E-10
  0.000000E+00
  0.283464E+02  0.193928E+02 -0.194374E-10
  0.000000E+00
  0.288867E+02  0.197625E+02 -0.141785E-10
  0.000000E+00
  0.294271E+02  0.201321E+02 -0.883962E-11
  0.000000E+00
  0.297121E+02  0.203271E+02 -0.663915E-11
  0.000000E+00
  0.299971E+02  0.205221E+02 -0.471193E-11
  0.000000E+00
  0.305374E+02  0.208918E+02 -0.219748E-11
  0.000000E+00
  0.310777E+02  0.212614E+02 -0.771845E-12
  0.000000E+00
  0.313628E+02  0.214564E+02 -0.332662E-12
  0.000000E+00
  0.316478E+02  0.216514E+02 -0.556509E-13
  0.000000E+00
  0.321881E+02  0.220211E+02  0.199903E-12
  0.000000E+00
  0.327284E+02  0.223907E+02  0.239744E-12
  0.000000E+00
  0.330134E+02  0.225857E+02  0.226523E-12
  0.000000E+00
  0.332985E+02  0.227807E+02  0.196335E-12
  0.000000E+00
  0.338388E+02  0.231503E+02  0.135279E-12
  0.000000E+00
  0.343791E+02  0.235200E+02  0.806953E-13
  0.000000E+00
  0.346641E+02  0.237150E+02  0.587631E-13
  0.000000E+00
  0.349491E+02  0.239100E+02  0.397935E-13
  0.000000E+00
  0.354894E+02  0.242796E+02  0.174383E-13
  0.000000E+00
  0.360297E+02  0.246493E+02  0.539932E-14
  0.000000E+00
  0.363148E+02  0.248443E+02  0.418753E-16
  0.000000E+00
  0.365998E+02  0.250393E+02 -0.869987E-15
  0.000000E+00
  0.371401E+02  0.254089E+02 -0.188947E-14
  0.000000E+00
  0.376804E+02  0.257786E+02 -0.274008E-14
  0.000000E+00
  0.379654E+02  0.259736E+02 -0.248012E-14
  0.000000E+00
  0.382505E+02  0.261686E+02 -0.219962E-14
  0.000000E+00
  0.387908E+02  0.265382E+02 -0.108113E-14
  0.000000E+00
  0.393311E+02  0.269078E+02 -0.417154E-15
  0.000000E+00
  0.396161E+02  0.271028E+02 -0.102821E-14
  0.000000E+00
  0.399011E+02  0.272978E+02 -0.508957E-17
  0.000000E+00
  0.404414E+02  0.276675E+02 -0.405947E-15
  0.000000E+00
  0.409818E+02  0.280371E+02 -0.662381E-15
  0.000000E+00
  0.412668E+02  0.282321E+02  0.405006E-15
  0.000000E+00
  0.415518E+02  0.284271E+02  0.455318E-15
  0.000000E+00
  0.420921E+02  0.287968E+02  0.783513E-16
  0.000000E+00
  0.426324E+02  0.291664E+02 -0.294982E-15
  0.000000E+00
  0.429175E+02  0.293614E+02  0.907804E-16
  0.000000E+00
  0.432025E+02  0.295564E+02 -0.407127E-15
  0.000000E+00
  0.437428E+02  0.299261E+02  0.413616E-15
  0.000000E+00
  0.442831E+02  0.302957E+02  0.794517E-15
  0.000000E+00
  0.445681E+02  0.304907E+02  0.554166E-15
  0.000000E+00
  0.448531E+02  0.306857E+02 -0.146559E-14
  0.000000E+00
  0.453935E+02  0.310553E+02 -0.191401E-15
  0.000000E+00
  0.459338E+02  0.314250E+02  0.148584E-14
  0.000000E+00
  0.462188E+02  0.316200E+02  0.165221E-15
  0.000000E+00
  0.465038E+02  0.318150E+02 -0.617460E-15
  0.000000E+00
  0.470441E+02  0.321846E+02 -0.143471E-14
  0.000000E+00
  0.475844E+02  0.325543E+02  0.639278E-15
  0.000000E+00
  0.478695E+02  0.327493E+02  0.214342E-14
  0.000000E+00
  0.481545E+02  0.329443E+02 -0.239945E-15
  0.000000E+00
  0.486948E+02  0.333139E+02 -0.244667E-17
  0.000000E+00
  0.492351E+02  0.336836E+02  0.180554E-15
  0.000000E+00
  0.495201E+02  0.338785E+02 -0.533707E-15
  0.000000E+00
  0.498052E+02  0.340735E+02 -0.215731E-15
  0.000000E+00
  0.503455E+02  0.344432E+02  0.716113E-15
  0.000000E+00
  0.508858E+02  0.348128E+02  0.642390E-15
  0.000000E+00
  0.511708E+02  0.350078E+02 -0.813695E-15
  0.000000E+00
  0.514558E+02  0.352028E+02 -0.513167E-15
  0.000000E+00
  0.519961E+02  0.355725E+02 -0.144356E-15
  0.000000E+00
  0.525365E+02  0.359421E+02  0.209604E-15
  0.000000E+00
  0.528215E+02  0.361371E+02 -0.229376E-15
  0.000000E+00
  0.531065E+02  0.363321E+02  0.675128E-15
  0.000000E+00
  0.536468E+02  0.367018E+02 -0.274608E-15
  0.000000E+00
  0.541871E+02  0.370714E+02 -0.790080E-15
  0.000000E+00
  0.544722E+02  0.372664E+02  0.804554E-15
  0.000000E+00
  0.547572E+02  0.374614E+02  0.690812E-15
  0.000000E+00
  0.552975E+02  0.378310E+02 -0.642943E-16
  0.000000E+00
  0.558378E+02  0.382007E+02  0.116196E-15
  0.000000E+00
  0.561228E+02  0.383957E+02 -0.113495E-15
  0.000000E+00
  0.564078E+02  0.385907E+02 -0.495354E-15
  0.000000E+00
  0.569482E+02  0.389603E+02  0.795044E-16
  0.000000E+00
  0.574885E+02  0.393300E+02 -0.165966E-15
  0.000000E+00
  0.577735E+02  0.395250E+02 -0.378366E-15
  0.000000E+00
  0.580585E+02  0.397200E+02  0.759738E-15
  0.000000E+00
  0.585988E+02  0.400896E+02 -0.103422E-14
  0.000000E+00
  0.591391E+02  0.404593E+02 -0.108850E-14
  0.000000E+00
  0.594242E+02  0.406543E+02  0.101177E-14
  0.000000E+00
  0.597092E+02  0.408493E+02  0.684323E-15
  0.000000E+00
  0.602495E+02  0.412189E+02  0.633029E-15
  0.000000E+00
  0.607898E+02  0.415885E+02 -0.125847E-14
  0.000000E+00
  0.610748E+02  0.417835E+02 -0.119986E-14
  0.000000E+00
  0.613599E+02  0.419785E+02  0.149040E-14
  0.000000E+00
  0.619002E+02  0.423482E+02  0.167892E-15
  0.000000E+00
  0.624405E+02  0.427178E+02 -0.543976E-15
  0.000000E+00
  0.627255E+02  0.429128E+02 -0.147682E-15
  0.000000E+00
  0.630105E+02  0.431078E+02  0.155130E-15
  0.000000E+00
  0.635508E+02  0.434775E+02  0.352224E-15
  0.000000E+00
  0.640912E+02  0.438471E+02 -0.384159E-17
  0.000000E+00
  0.643762E+02  0.440421E+02  0.199108E-14
  0.000000E+00
  0.646612E+02  0.442371E+02  0.436143E-15
  0.000000E+00
  0.652015E+02  0.446068E+02  0.113059E-16
  0.000000E+00
  0.657418E+02  0.449764E+02  0.143695E-14
  0.000000E+00
  0.660268E+02  0.451714E+02 -0.452937E-15
  0.000000E+00
  0.663119E+02  0.453664E+02 -0.114388E-14
  0.000000E+00
  0.668522E+02  0.457360E+02 -0.581644E-15
  0.000000E+00
  0.673925E+02  0.461057E+02 -0.932491E-15
  0.000000E+00
  0.676775E+02  0.463007E+02 -0.735656E-15
  0.000000E+00
  0.679625E+02  0.464957E+02  0.744953E-15
  0.000000E+00
  0.685029E+02  0.468653E+02 -0.387293E-15
  0.000000E+00
  0.690432E+02  0.472350E+02 -0.969399E-15
  0.000000E+00
  0.693282E+02  0.474300E+02  0.200664E-14
  0.000000E+00
  0.696132E+02  0.476250E+02  0.311698E-15
  0.000000E+00
  0.701535E+02  0.479946E+02  0.266852E-15
  0.000000E+00
  0.706938E+02  0.483643E+02  0.645061E-17
  0.000000E+00
  0.709789E+02  0.485593E+02 -0.180530E-14
  0.000000E+00
  0.712639E+02  0.487542E+02  0.709248E-15
  0.000000E+00
  0.718042E+02  0.491239E+02 -0.288520E-16
  0.000000E+00
  0.723445E+02  0.494935E+02 -0.305089E-15
  0.000000E+00
  0.726295E+02  0.496885E+02 -0.255766E-16
  0.000000E+00
  0.729146E+02  0.498835E+02  0.797944E-16
  0.000000E+00
  0.734549E+02  0.502532E+02  0.628226E-15
  0.000000E+00
  0.739952E+02  0.506228E+02  0.487971E-18
  0.000000E+00
  0.742802E+02  0.508178E+02  0.834428E-15
  0.000000E+00
  0.745652E+02  0.510128E+02 -0.219107E-15
  0.000000E+00
  0.751055E+02  0.513825E+02  0.270832E-15
  0.000000E+00
  0.756458E+02  0.517521E+02  0.459397E-15
  0.000000E+00
  0.759309E+02  0.519471E+02  0.176025E-15
  0.000000E+00
  0.762159E+02  0.521421E+02  0.324742E-17
  0.000000E+00
  0.767562E+02  0.525118E+02 -0.155968E-14
  0.000000E+00
  0.772965E+02  0.528814E+02 -0.168893E-14
  0.000000E+00
  0.775815E+02  0.530764E+02  0.188480E-15
  0.000000E+00
  0.778666E+02  0.532714E+02  0.189406E-14
  0.000000E+00
  0.784069E+02  0.536410E+02  0.163959E-15
  0.000000E+00
  0.789472E+02  0.540107E+02 -0.869392E-16
  0.000000E+00
  0.792322E+02  0.542057E+02 -0.202825E-15
  0.000000E+00
  0.795172E+02  0.544007E+02  0.272862E-15
  0.000000E+00
  0.800576E+02  0.547703E+02  0.475032E-15
  0.000000E+00
  0.805979E+02  0.551400E+02 -0.805173E-15
  0.000000E+00
  0.808829E+02  0.553350E+02  0.118138E-14
  0.000000E+00
  0.811679E+02  0.555300E+02  0.639174E-15
  0.000000E+00
  0.817082E+02  0.558996E+02 -0.953185E-15
  0.000000E+00
  0.822485E+02  0.562693E+02 -0.491236E-15
  0.000000E+00
  0.825336E+02  0.564642E+02  0.177218E-14
  0.000000E+00
  0.828186E+02  0.566592E+02  0.931666E-15
  0.000000E+00
  0.833589E+02  0.570289E+02 -0.616730E-15
  0.000000E+00
  0.838992E+02  0.573985E+02 -0.654392E-15
  0.000000E+00
  0.841842E+02  0.575935E+02  0.720226E-15
  0.000000E+00
  0.844693E+02  0.577885E+02  0.390884E-15
  0.000000E+00
  0.850096E+02  0.581582E+02  0.380300E-15
  0.000000E+00
  0.855499E+02  0.585278E+02 -0.128943E-15
  0.000000E+00
  0.858349E+02  0.587228E+02 -0.235937E-14
  0.000000E+00
  0.861199E+02  0.589178E+02  0.107029E-15
  0.000000E+00
  0.866602E+02  0.592875E+02  0.581645E-15
  0.000000E+00
  0.872005E+02  0.596571E+02 -0.161529E-15
  0.000000E+00
  0.874856E+02  0.598521E+02  0.552907E-15
  0.000000E+00
  0.877706E+02  0.600471E+02 -0.659823E-15
  0.000000E+00
  0.883109E+02  0.604167E+02 -0.719311E-16
  0.000000E+00
  0.888512E+02  0.607864E+02  0.102560E-14
  0.000000E+00
  0.891362E+02  0.609814E+02 -0.539291E-15
  0.000000E+00
  0.894213E+02  0.611764E+02 -0.105668E-14
  0.000000E+00
  0.899616E+02  0.615460E+02  0.444908E-15
  0.000000E+00
  0.905019E+02  0.619157E+02  0.420555E-15
  0.000000E+00
  0.907869E+02  0.621107E+02 -0.715679E-15
  0.000000E+00
  0.910719E+02  0.623057E+02 -0.387689E-15
  0.000000E+00
  0.916123E+02  0.626753E+02  0.332148E-15
  0.000000E+00
  0.921526E+02  0.630450E+02 -0.412161E-15
  0.000000E+00
  0.924376E+02  0.632400E+02 -0.944139E-15
  0.000000E+00
  0.927226E+02  0.634350E+02  0.332030E-15
  0.000000E+00
  0.932629E+02  0.638046E+02  0.317421E-15
  0.000000E+00
  0.938032E+02  0.641742E+02  0.240495E-15
  0.000000E+00
  0.940883E+02  0.643692E+02  0.361886E-15
  0.000000E+00
  0.943733E+02  0.645642E+02 -0.139365E-14
  0.000000E+00
  0.949136E+02  0.649339E+02  0.430396E-15
  0.000000E+00
  0.954539E+02  0.653035E+02  0.102393E-14
  0.000000E+00
  0.957389E+02  0.654985E+02 -0.813105E-15
  0.000000E+00
  0.960240E+02  0.656935E+02 -0.263389E-15
  0.000000E+00
  0.965643E+02  0.660632E+02 -0.867411E-15
  0.000000E+00
  0.971046E+02  0.664328E+02  0.593770E-15
  0.000000E+00
  0.973896E+02  0.666278E+02  0.788830E-15
  0.000000E+00
  0.976746E+02  0.668228E+02  0.739217E-15
  0.000000E+00
  0.982149E+02  0.671925E+02 -0.618450E-15
  0.000000E+00
  0.987552E+02  0.675621E+02 -0.566934E-15
  0.000000E+00
  0.990403E+02  0.677571E+02  0.777068E-15
  0.000000E+00
  0.993253E+02  0.679521E+02  0.502010E-15
  0.000000E+00
  0.998656E+02  0.683217E+02  0.430510E-15
  0.000000E+00
  0.100406E+03  0.686914E+02 -0.104948E-14
  0.000000E+00
  0.100691E+03  0.688864E+02 -0.870920E-15
  0.000000E+00
  0.100976E+03  0.690814E+02  0.528690E-15
  0.000000E+00
  0.101516E+03  0.694510E+02  0.261986E-15
  0.000000E+00
  0.102057E+03  0.698207E+02  0.208824E-15
  0.000000E+00
  0.102342E+03  0.700157E+02 -0.207598E-15
  0.000000E+00
  0.102627E+03  0.702107E+02 -0.728298E-15
  0.000000E+00
  0.103167E+03  0.705803E+02  0.391372E-15
  0.000000E+00
  0.103707E+03  0.709500E+02 -0.106022E-15
  0.000000E+00
  0.103992E+03  0.711450E+02 -0.354982E-15
  0.000000E+00
  0.104277E+03  0.713399E+02  0.529107E-16
  0.000000E+00
  0.104818E+03  0.717096E+02  0.241158E-15
  0.000000E+00
  0.105358E+03  0.720792E+02 -0.315442E-15
  0.000000E+00
  0.105643E+03  0.722742E+02 -0.533430E-15
  0.000000E+00
  0.105928E+03  0.724692E+02 -0.823836E-16
  0.000000E+00
  0.106468E+03  0.728389E+02  0.501582E-16
  0.000000E+00
  0.107009E+03  0.732085E+02  0.759559E-15
  0.000000E+00
  0.107294E+03  0.734035E+02  0.901224E-15
  0.000000E+00
  0.107579E+03  0.735985E+02 -0.920067E-15
  0.000000E+00
  0.108119E+03  0.739682E+02 -0.555887E-15
  0.000000E+00
  0.108659E+03  0.743378E+02  0.975714E-15
  0.000000E+00
  0.108944E+03  0.745328E+02  0.582791E-15
  0.000000E+00
  0.109229E+03  0.747278E+02  0.179911E-15
  0.000000E+00
  0.109770E+03  0.750974E+02 -0.373647E-15
  0.000000E+00
  0.110310E+03  0.754671E+02 -0.108243E-14
  0.000000E+00
  0.110595E+03  0.756621E+02 -0.751556E-15
  0.000000E+00
  0.110880E+03  0.758571E+02  0.201714E-14
  0.000000E+00
  0.111420E+03  0.762267E+02  0.888255E-16
  0.000000E+00
  0.111961E+03  0.765964E+02 -0.145176E-14
  0.000000E+00
  0.112246E+03  0.767914E+02  0.455930E-16
  0.000000E+00
  0.112531E+03  0.769864E+02 -0.192209E-17
  0.000000E+00
  0.113071E+03  0.773560E+02  0.100068E-14
  0.000000E+00
  0.113611E+03  0.777257E+02 -0.183124E-15
  0.000000E+00
  0.113896E+03  0.779207E+02 -0.579902E-15
  0.000000E+00
  0.114181E+03  0.781157E+02 -0.735223E-15
  0.000000E+00
  0.114722E+03  0.784853E+02 -0.342323E-17
  0.000000E+00
  0.115262E+03  0.788549E+02  0.988500E-15
  0.000000E+00
  0.115547E+03  0.790499E+02 -0.643141E-15
  0.000000E+00
  0.115832E+03  0.792449E+02 -0.285128E-15
  0.000000E+00
  0.116372E+03  0.796146E+02 -0.887881E-16
  0.000000E+00
  0.116913E+03  0.799842E+02  0.362844E-16
  0.000000E+00
  0.117198E+03  0.801792E+02  0.364799E-15
  0.000000E+00
  0.117483E+03  0.803742E+02 -0.138850E-15
  0.000000E+00
  0.118023E+03  0.807439E+02 -0.424727E-16
  0.000000E+00
  0.118563E+03  0.811135E+02  0.230235E-15
  0.000000E+00
  0.118848E+03  0.813085E+02  0.199525E-15
  0.000000E+00
  0.119133E+03  0.815035E+02 -0.283835E-15
  0.000000E+00
  0.119674E+03  0.818732E+02 -0.771232E-16
  0.000000E+00
  0.120214E+03  0.822428E+02  0.216921E-15
  0.000000E+00
  0.120499E+03  0.824378E+02 -0.355639E-15
  0.000000E+00
  0.120784E+03  0.826328E+02  0.164772E-15
  0.000000E+00
  0.121324E+03  0.830024E+02  0.942903E-17
  0.000000E+00
  0.121865E+03  0.833721E+02 -0.357362E-15
  0.000000E+00
  0.122150E+03  0.835671E+02  0.312267E-15
  0.000000E+00
  0.122435E+03  0.837621E+02  0.469377E-15
  0.000000E+00
  0.122975E+03  0.841317E+02 -0.249766E-15
  0.000000E+00
  0.123515E+03  0.845014E+02  0.650788E-16
  0.000000E+00
  0.123800E+03  0.846964E+02 -0.921222E-15
  0.000000E+00
  0.124085E+03  0.848914E+02  0.239429E-15
  0.000000E+00
  0.124626E+03  0.852610E+02  0.351575E-15
  0.000000E+00
  0.125166E+03  0.856307E+02 -0.558146E-15
  0.000000E+00
  0.125451E+03  0.858257E+02 -0.768963E-15
  0.000000E+00
  0.125736E+03  0.860207E+02 -0.273398E-15
  0.000000E+00
  0.126276E+03  0.863903E+02  0.125550E-14
  0.000000E+00
  0.126817E+03  0.867599E+02 -0.728694E-15
  0.000000E+00
  0.127102E+03  0.869549E+02 -0.136356E-14
  0.000000E+00
  0.127387E+03  0.871499E+02 -0.245914E-15
  0.000000E+00
  0.127927E+03  0.875196E+02  0.585117E-15
  0.000000E+00
  0.128467E+03  0.878892E+02  0.422450E-15
  0.000000E+00
  0.128752E+03  0.880842E+02 -0.128720E-14
  0.000000E+00
  0.129037E+03  0.882792E+02 -0.808547E-15
  0.000000E+00
  0.129578E+03  0.886489E+02  0.586546E-15
  0.000000E+00
  0.130118E+03  0.890185E+02  0.224072E-15
  0.000000E+00
  0.130403E+03  0.892135E+02 -0.732364E-15
  0.000000E+00
  0.130688E+03  0.894085E+02 -0.768430E-16
  0.000000E+00
  0.131228E+03  0.897782E+02 -0.429797E-16
  0.000000E+00
  0.131769E+03  0.901478E+02  0.350262E-15
  0.000000E+00
  0.132054E+03  0.903428E+02  0.105334E-14
  0.000000E+00
  0.132339E+03  0.905378E+02 -0.853401E-15
  0.000000E+00
  0.132879E+03  0.909074E+02 -0.461467E-15
  0.000000E+00
  0.133419E+03  0.912771E+02  0.106268E-14
  0.000000E+00
  0.133704E+03  0.914721E+02  0.437790E-15
  0.000000E+00
  0.133989E+03  0.916671E+02 -0.286843E-16
  0.000000E+00
  0.134530E+03  0.920367E+02 -0.626143E-15
  0.000000E+00
  0.135070E+03  0.924064E+02 -0.156071E-15
  0.000000E+00
  0.135355E+03  0.926014E+02  0.921747E-15
  0.000000E+00
  0.135640E+03  0.927964E+02  0.762164E-15
  0.000000E+00
  0.136180E+03  0.931660E+02 -0.565840E-15
  0.000000E+00
  0.136721E+03  0.935357E+02 -0.175884E-15
  0.000000E+00
  0.137006E+03  0.937307E+02  0.498447E-15
  0.000000E+00
  0.137291E+03  0.939256E+02  0.328931E-15
  0.000000E+00
  0.137831E+03  0.942953E+02 -0.117201E-15
  0.000000E+00
  0.138371E+03  0.946649E+02 -0.433500E-15
  0.000000E+00
  0.138656E+03  0.948599E+02  0.931927E-15
  0.000000E+00
  0.138941E+03  0.950549E+02  0.698548E-15
  0.000000E+00
  0.139482E+03  0.954246E+02 -0.548124E-15
  0.000000E+00
  0.140022E+03  0.957942E+02 -0.337400E-15
  0.000000E+00
  0.140307E+03  0.959892E+02  0.318659E-15
  0.000000E+00
  0.140592E+03  0.961842E+02  0.694172E-15
  0.000000E+00
  0.141132E+03  0.965539E+02  0.403232E-16
  0.000000E+00
  0.141673E+03  0.969235E+02 -0.719307E-15
  0.000000E+00
  0.141958E+03  0.971185E+02 -0.483101E-15
  0.000000E+00
  0.142243E+03  0.973135E+02  0.802596E-15
  0.000000E+00
  0.142783E+03  0.976831E+02 -0.367600E-15
  0.000000E+00
  0.143323E+03  0.980528E+02 -0.809499E-16
  0.000000E+00
  0.143608E+03  0.982478E+02  0.174578E-14
  0.000000E+00
  0.143893E+03  0.984428E+02 -0.529530E-15
  0.000000E+00
  0.144434E+03  0.988124E+02  0.366231E-15
  0.000000E+00
  0.144974E+03  0.991821E+02 -0.376024E-15
  0.000000E+00
  0.145259E+03  0.993771E+02 -0.142646E-14
  0.000000E+00
  0.145544E+03  0.995721E+02  0.201426E-15
  0.000000E+00
  0.146084E+03  0.999417E+02  0.522876E-15
  0.000000E+00
  0.146625E+03  0.100311E+03  0.250995E-15
  0.000000E+00
  0.146910E+03  0.100506E+03  0.312357E-15
  0.000000E+00
  0.147195E+03  0.100701E+03 -0.144698E-14
  0.000000E+00
  0.147735E+03  0.101071E+03  0.102897E-15
  0.000000E+00
  0.148275E+03  0.101441E+03  0.153566E-14
  0.000000E+00
  0.148560E+03  0.101636E+03  0.970518E-16
  0.000000E+00
  0.148845E+03  0.101831E+03 -0.853331E-15
  0.000000E+00
  0.149386E+03  0.102200E+03 -0.850956E-15
  0.000000E+00
  0.149926E+03  0.102570E+03  0.143631E-14
  0.000000E+00
  0.150211E+03  0.102765E+03  0.825104E-15
  0.000000E+00
  0.150496E+03  0.102960E+03 -0.623143E-15
  0.000000E+00
  0.151036E+03  0.103330E+03 -0.920395E-16
  0.000000E+00
  0.151577E+03  0.103699E+03 -0.114592E-15
  0.000000E+00
  0.151862E+03  0.103894E+03  0.282766E-15
  0.000000E+00
  0.152147E+03  0.104089E+03  0.963175E-16
  0.000000E+00
  0.152687E+03  0.104459E+03 -0.377304E-15
  0.000000E+00
  0.153227E+03  0.104829E+03  0.675707E-15
  0.000000E+00
  0.153512E+03  0.105024E+03  0.968367E-15
  0.000000E+00
  0.153797E+03  0.105218E+03 -0.412215E-15
  0.000000E+00
  0.154338E+03  0.105588E+03 -0.419682E-15
  0.000000E+00
  0.154878E+03  0.105958E+03 -0.320742E-15
  0.000000E+00
  0.155163E+03  0.106153E+03  0.205286E-14
  0.000000E+00
  0.155448E+03  0.106348E+03  0.561213E-15
  0.000000E+00
  0.155988E+03  0.106717E+03 -0.758979E-15
  0.000000E+00
  0.156529E+03  0.107087E+03  0.172011E-15
  0.000000E+00
  0.156814E+03  0.107282E+03  0.861964E-15
  0.000000E+00
  0.157099E+03  0.107477E+03  0.285653E-15
  0.000000E+00
  0.157639E+03  0.107847E+03 -0.935624E-15
  0.000000E+00
  0.158179E+03  0.108216E+03  0.591744E-15
  0.000000E+00
  0.158464E+03  0.108411E+03  0.165546E-14
  0.000000E+00
  0.158749E+03  0.108606E+03  0.467798E-15
  0.000000E+00
  0.159290E+03  0.108976E+03 -0.937031E-15
  0.000000E+00
  0.159830E+03  0.109346E+03 -0.717108E-15
  0.000000E+00
  0.160115E+03  0.109541E+03  0.913435E-15
  0.000000E+00
  0.160400E+03  0.109736E+03  0.182849E-14
  0.000000E+00
  0.160940E+03  0.110105E+03 -0.480497E-15
  0.000000E+00
  0.161481E+03  0.110475E+03 -0.149874E-14
  0.000000E+00
  0.161766E+03  0.110670E+03 -0.428294E-15
  0.000000E+00
  0.162051E+03  0.110865E+03  0.963373E-15
  0.000000E+00
  0.162591E+03  0.111235E+03  0.634651E-15
  0.000000E+00
  0.163131E+03  0.111604E+03 -0.359490E-15
  0.000000E+00
  0.163416E+03  0.111799E+03  0.667895E-15
  0.000000E+00
  0.163701E+03  0.111994E+03 -0.742147E-15
  0.000000E+00
  0.164242E+03  0.112364E+03 -0.194863E-15
  0.000000E+00
  0.164782E+03  0.112733E+03  0.593647E-15
  0.000000E+00
