 -0.199655E+03  0.856473E-16 -0.103693E-15
 -0.199000E+03  0.223099E-15 -0.375986E-15
 -0.198345E+03  0.469117E-15 -0.509962E-15
 -0.198000E+03  0.682233E-15 -0.543144E-15
 -0.197655E+03  0.819451E-15 -0.482597E-15
 -0.197000E+03  0.465152E-15 -0.509090E-15
 -0.196345E+03 -0.636872E-15 -0.106516E-14
 -0.196000E+03 -0.126048E-14 -0.151183E-14
 -0.195655E+03 -0.166948E-14 -0.204502E-14
 -0.195000E+03 -0.177748E-14 -0.311732E-14
 -0.194345E+03 -0.131014E-14 -0.319029E-14
 -0.194000E+03 -0.885024E-15 -0.286550E-14
 -0.193655E+03 -0.400215E-15 -0.227741E-14
 -0.193000E+03  0.107296E-15 -0.113631E-14
 -0.192345E+03  0.304316E-15 -0.533554E-15
 -0.192000E+03  0.311871E-15 -0.470993E-15
 -0.191655E+03  0.140052E-15 -0.614307E-15
 -0.191000E+03  0.431695E-17 -0.132673E-14
 -0.190345E+03  0.472770E-15 -0.209426E-14
 -0.190000E+03  0.698401E-15 -0.246307E-14
 -0.189655E+03  0.859524E-15 -0.253325E-14
 -0.189000E+03  0.891362E-15 -0.215869E-14
 -0.188345E+03  0.926116E-15 -0.138124E-14
 -0.188000E+03  0.118535E-14 -0.831457E-15
 -0.187655E+03  0.119122E-14 -0.531489E-15
 -0.187000E+03  0.110975E-14 -0.384541E-15
 -0.186345E+03  0.123168E-14 -0.480849E-15
 -0.186000E+03  0.142687E-14 -0.431525E-15
 -0.185655E+03  0.173848E-14 -0.348060E-15
 -0.185000E+03  0.206019E-14  0.279594E-15
 -0.184345E+03  0.160508E-14  0.113157E-14
 -0.184000E+03  0.104411E-14  0.164355E-14
 -0.183655E+03  0.493642E-15  0.178097E-14
 -0.183000E+03 -0.200754E-15  0.155311E-14
 -0.182345E+03 -0.494909E-15  0.114755E-14
 -0.182000E+03 -0.707067E-15  0.959515E-15
 -0.181655E+03 -0.108030E-14  0.105308E-14
 -0.181000E+03 -0.131472E-14  0.128451E-14
 -0.180345E+03 -0.822764E-15  0.141894E-14
 -0.180000E+03 -0.624879E-15  0.130649E-14
 -0.179655E+03 -0.467493E-15  0.108899E-14
 -0.179000E+03 -0.224186E-15  0.305407E-15
 -0.178345E+03 -0.240390E-15 -0.435941E-15
 -0.178000E+03 -0.352885E-15 -0.769743E-15
 -0.177655E+03 -0.496997E-15 -0.876485E-15
 -0.177000E+03 -0.957836E-15 -0.373846E-15
 -0.176345E+03 -0.137727E-14  0.253584E-15
 -0.176000E+03 -0.122979E-14  0.536402E-15
 -0.175655E+03 -0.772321E-15  0.385335E-15
 -0.175000E+03  0.536471E-15  0.606045E-16
 -0.174345E+03  0.185118E-14 -0.745460E-15
 -0.174000E+03  0.251542E-14 -0.104776E-14
 -0.173655E+03  0.303394E-14 -0.126879E-14
 -0.173000E+03  0.300455E-14 -0.153107E-14
 -0.172345E+03  0.174630E-14 -0.131326E-14
 -0.172000E+03  0.125091E-14 -0.107958E-14
 -0.171655E+03  0.689891E-15 -0.691766E-15
 -0.171000E+03 -0.147261E-15 -0.245006E-15
 -0.170345E+03 -0.105207E-15 -0.104086E-15
 -0.170000E+03  0.146394E-16  0.130209E-15
 -0.169655E+03  0.273201E-16  0.345257E-15
 -0.169000E+03  0.552367E-16  0.713864E-15
 -0.168345E+03  0.466557E-15  0.996560E-15
 -0.168000E+03  0.449176E-15  0.112543E-14
 -0.167655E+03  0.345322E-15  0.104424E-14
 -0.167000E+03  0.155977E-15  0.606903E-15
 -0.166345E+03 -0.631104E-15  0.604970E-15
 -0.166000E+03 -0.109204E-14  0.713244E-15
 -0.165655E+03 -0.142148E-14  0.619175E-15
 -0.165000E+03 -0.152467E-14  0.323752E-15
 -0.164345E+03 -0.734106E-15 -0.218024E-15
 -0.164000E+03 -0.289239E-15 -0.479824E-15
 -0.163655E+03  0.451742E-16 -0.689701E-15
 -0.163000E+03 -0.178620E-15 -0.698280E-15
 -0.162345E+03 -0.938419E-15 -0.212013E-15
 -0.162000E+03 -0.115546E-14  0.412779E-15
 -0.161655E+03 -0.139837E-14  0.120199E-14
 -0.161000E+03 -0.147697E-14  0.267918E-14
 -0.160345E+03 -0.174135E-14  0.343231E-14
 -0.160000E+03 -0.186986E-14  0.357224E-14
 -0.159655E+03 -0.193522E-14  0.362206E-14
 -0.159000E+03 -0.130286E-14  0.339312E-14
 -0.158345E+03 -0.561742E-15  0.296870E-14
 -0.158000E+03 -0.519869E-15  0.271005E-14
 -0.157655E+03 -0.628765E-15  0.239972E-14
 -0.157000E+03 -0.521242E-15  0.158882E-14
 -0.156345E+03 -0.657688E-17  0.532248E-15
 -0.156000E+03  0.246032E-15 -0.301885E-16
 -0.155655E+03  0.383583E-15 -0.398949E-15
 -0.155000E+03  0.687377E-15 -0.349447E-15
 -0.154345E+03  0.112910E-14  0.297348E-15
 -0.154000E+03  0.153465E-14  0.757429E-15
 -0.153655E+03  0.189829E-14  0.101308E-14
 -0.153000E+03  0.240013E-14  0.106996E-14
 -0.152345E+03  0.295692E-14  0.981568E-15
 -0.152000E+03  0.307494E-14  0.650510E-15
 -0.151655E+03  0.281000E-14  0.443981E-15
 -0.151000E+03  0.174825E-14  0.298047E-15
 -0.150345E+03  0.118984E-15  0.677502E-15
 -0.150000E+03 -0.718926E-15  0.965572E-15
 -0.149655E+03 -0.132638E-14  0.116778E-14
 -0.149000E+03 -0.188134E-14  0.139823E-14
 -0.148345E+03 -0.168198E-14  0.127895E-14
 -0.148000E+03 -0.173136E-14  0.991229E-15
 -0.147655E+03 -0.171388E-14  0.447428E-15
 -0.147000E+03 -0.164459E-14 -0.211366E-15
 -0.146345E+03 -0.139986E-14 -0.391989E-15
 -0.146000E+03 -0.141495E-14 -0.405708E-15
 -0.145655E+03 -0.143210E-14 -0.388759E-15
 -0.145000E+03 -0.102937E-14 -0.348001E-15
 -0.144345E+03 -0.123956E-14 -0.198790E-15
 -0.144000E+03 -0.129471E-14 -0.215838E-15
 -0.143655E+03 -0.141525E-14 -0.219673E-15
 -0.143000E+03 -0.202425E-14 -0.197017E-15
 -0.142345E+03 -0.200319E-14  0.563677E-16
 -0.142000E+03 -0.155416E-14  0.332692E-15
 -0.141655E+03 -0.105384E-14  0.376928E-15
 -0.141000E+03 -0.251703E-15 -0.690608E-16
 -0.140345E+03  0.950255E-15 -0.625866E-15
 -0.140000E+03  0.123337E-14 -0.772307E-15
 -0.139655E+03  0.112464E-14 -0.934251E-15
 -0.139000E+03 -0.363590E-16 -0.987877E-15
 -0.138345E+03 -0.149709E-14 -0.334302E-15
 -0.138000E+03 -0.187944E-14  0.341984E-16
 -0.137655E+03 -0.167908E-14  0.429089E-15
 -0.137000E+03 -0.114935E-14  0.770521E-15
 -0.136345E+03 -0.982081E-15  0.514038E-15
 -0.136000E+03 -0.858687E-15  0.305640E-15
 -0.135655E+03 -0.106905E-14  0.131518E-15
 -0.135000E+03 -0.137422E-14 -0.195317E-15
 -0.134345E+03 -0.129864E-14 -0.160575E-15
 -0.134000E+03 -0.113121E-14 -0.192436E-16
 -0.133655E+03 -0.904099E-15  0.178020E-15
 -0.133000E+03 -0.450035E-15  0.512047E-15
 -0.132345E+03  0.391271E-16  0.347377E-15
 -0.132000E+03  0.221342E-15  0.930565E-16
 -0.131655E+03 -0.193303E-16 -0.185261E-15
 -0.131000E+03 -0.739597E-15 -0.124388E-14
 -0.130345E+03 -0.847899E-15 -0.205540E-14
 -0.130000E+03 -0.447012E-15 -0.212537E-14
 -0.129655E+03  0.378772E-15 -0.202444E-14
 -0.129000E+03  0.191408E-14 -0.851103E-15
 -0.128345E+03  0.285127E-14  0.464630E-15
 -0.128000E+03  0.294312E-14  0.107006E-14
 -0.127655E+03  0.272828E-14  0.145550E-14
 -0.127000E+03  0.230758E-14  0.197484E-14
 -0.126345E+03  0.176413E-14  0.196383E-14
 -0.126000E+03  0.182267E-14  0.178820E-14
 -0.125655E+03  0.183522E-14  0.162904E-14
 -0.125000E+03  0.228136E-14  0.120332E-14
 -0.124345E+03  0.290058E-14  0.797412E-15
 -0.124000E+03  0.280543E-14  0.758487E-15
 -0.123655E+03  0.249878E-14  0.806318E-15
 -0.123000E+03  0.153241E-14  0.331047E-15
 -0.122345E+03  0.597950E-15 -0.247563E-15
 -0.122000E+03  0.229600E-15 -0.724571E-15
 -0.121655E+03  0.122830E-15 -0.133490E-14
 -0.121000E+03  0.366743E-15 -0.209495E-14
 -0.120345E+03  0.700750E-15 -0.218800E-14
 -0.120000E+03  0.845934E-15 -0.223885E-14
 -0.119655E+03  0.705990E-15 -0.239514E-14
 -0.119000E+03  0.413518E-16 -0.268240E-14
 -0.118345E+03 -0.817417E-15 -0.335480E-14
 -0.118000E+03 -0.938340E-15 -0.351398E-14
 -0.117655E+03 -0.735321E-15 -0.361886E-14
 -0.117000E+03 -0.286483E-15 -0.305406E-14
 -0.116345E+03  0.219955E-15 -0.213308E-14
 -0.116000E+03  0.468290E-15 -0.144518E-14
 -0.115655E+03  0.539417E-15 -0.637006E-15
 -0.115000E+03  0.111190E-15  0.175330E-15
 -0.114345E+03 -0.252174E-15  0.381049E-15
 -0.114000E+03 -0.462456E-15  0.586679E-17
 -0.113655E+03 -0.730227E-15 -0.502299E-15
 -0.113000E+03 -0.118870E-14 -0.161587E-14
 -0.112345E+03 -0.173126E-14 -0.230918E-14
 -0.112000E+03 -0.184715E-14 -0.234879E-14
 -0.111655E+03 -0.162998E-14 -0.217105E-14
 -0.111000E+03 -0.505024E-15 -0.145744E-14
 -0.110345E+03  0.115608E-14 -0.791165E-15
 -0.110000E+03  0.179160E-14 -0.524491E-15
 -0.109655E+03  0.212387E-14 -0.625885E-15
 -0.109000E+03  0.229631E-14 -0.569563E-15
 -0.108345E+03  0.218246E-14 -0.771800E-15
 -0.108000E+03  0.211477E-14 -0.775774E-15
 -0.107655E+03  0.202259E-14 -0.830603E-15
 -0.107000E+03  0.101714E-14 -0.564617E-15
 -0.106345E+03 -0.550619E-16 -0.486219E-15
 -0.106000E+03 -0.487353E-15 -0.388013E-15
 -0.105655E+03 -0.853058E-15 -0.150471E-15
 -0.105000E+03 -0.110037E-14 -0.158171E-15
 -0.104345E+03 -0.153092E-14 -0.339239E-15
 -0.104000E+03 -0.170020E-14 -0.474525E-15
 -0.103655E+03 -0.173300E-14 -0.452317E-15
 -0.103000E+03 -0.166724E-14 -0.762715E-15
 -0.102345E+03 -0.132165E-14 -0.134447E-14
 -0.102000E+03 -0.121561E-14 -0.158970E-14
 -0.101655E+03 -0.109188E-14 -0.171491E-14
 -0.101000E+03 -0.112466E-14 -0.153366E-14
 -0.100345E+03 -0.108557E-14 -0.797260E-15
 -0.100000E+03 -0.111023E-14 -0.418162E-15
 -0.996547E+02 -0.980558E-15 -0.282071E-15
 -0.990000E+02 -0.568977E-15 -0.310257E-15
 -0.983453E+02  0.750252E-16 -0.179452E-15
 -0.980000E+02  0.575118E-15 -0.117281E-15
 -0.976547E+02  0.968104E-15 -0.109278E-15
 -0.970000E+02  0.134679E-14 -0.331293E-15
 -0.963453E+02  0.100032E-14 -0.792703E-15
 -0.960000E+02  0.767180E-15 -0.111348E-14
 -0.956547E+02  0.490605E-15 -0.119047E-14
 -0.950000E+02 -0.200881E-15 -0.137630E-14
 -0.943453E+02 -0.496659E-15 -0.749992E-15
 -0.940000E+02 -0.633669E-15 -0.433018E-16
 -0.936547E+02 -0.735849E-15  0.676875E-15
 -0.930000E+02 -0.924910E-15  0.176596E-14
 -0.923453E+02 -0.146550E-14  0.178304E-14
 -0.920000E+02 -0.160999E-14  0.129795E-14
 -0.916547E+02 -0.153856E-14  0.345947E-15
 -0.910000E+02 -0.579272E-15 -0.188644E-14
 -0.903453E+02  0.349208E-15 -0.367453E-14
 -0.900000E+02  0.661125E-15 -0.417853E-14
 -0.896547E+02  0.785811E-15 -0.406316E-14
 -0.890000E+02  0.485548E-15 -0.296648E-14
 -0.883453E+02  0.223532E-15 -0.116220E-14
 -0.880000E+02  0.381193E-15 -0.115082E-15
 -0.876547E+02  0.652290E-15  0.761441E-15
 -0.870000E+02  0.109716E-14  0.186096E-14
 -0.863453E+02  0.113700E-14  0.185252E-14
 -0.860000E+02  0.945722E-15  0.148587E-14
 -0.856547E+02  0.763921E-15  0.920949E-15
 -0.850000E+02  0.836729E-16  0.335960E-15
 -0.843453E+02 -0.675724E-15 -0.274457E-15
 -0.840000E+02 -0.879050E-15 -0.744879E-15
 -0.836547E+02 -0.111666E-14 -0.116406E-14
 -0.830000E+02 -0.993550E-15 -0.192581E-14
 -0.823453E+02 -0.760454E-15 -0.195018E-14
 -0.820000E+02 -0.745549E-15 -0.155259E-14
 -0.816547E+02 -0.882517E-15 -0.123645E-14
 -0.810000E+02 -0.957381E-15 -0.660024E-15
 -0.803453E+02 -0.980605E-15 -0.116210E-16
 -0.800000E+02 -0.870602E-15  0.432609E-15
 -0.796547E+02 -0.751849E-15  0.777246E-15
 -0.790000E+02 -0.409688E-15  0.895687E-15
 -0.783453E+02  0.165739E-15  0.570762E-15
 -0.780000E+02  0.515410E-15  0.391898E-15
 -0.776547E+02  0.749977E-15  0.252140E-15
 -0.770000E+02  0.894448E-15 -0.647572E-16
 -0.763453E+02  0.131896E-14 -0.158126E-15
 -0.760000E+02  0.155949E-14 -0.359517E-15
 -0.756547E+02  0.179925E-14 -0.521486E-15
 -0.750000E+02  0.171487E-14 -0.368375E-15
 -0.743453E+02  0.106965E-14 -0.182782E-15
 -0.740000E+02  0.710450E-15  0.886440E-16
 -0.736547E+02  0.225612E-15  0.285289E-15
 -0.730000E+02 -0.653974E-15  0.711396E-15
 -0.723453E+02 -0.131377E-14  0.103259E-14
 -0.720000E+02 -0.140856E-14  0.922678E-15
 -0.716547E+02 -0.144396E-14  0.559098E-15
 -0.710000E+02 -0.101169E-14 -0.482771E-15
 -0.703453E+02 -0.217994E-15 -0.823340E-15
 -0.700000E+02  0.253857E-16 -0.682486E-15
 -0.696547E+02  0.287300E-15 -0.565413E-15
 -0.690000E+02  0.584804E-15 -0.631208E-15
 -0.683453E+02  0.697637E-15 -0.720774E-15
 -0.680000E+02  0.831850E-15 -0.710514E-15
 -0.676547E+02  0.800771E-15 -0.622896E-15
 -0.670000E+02  0.507156E-15 -0.737900E-15
 -0.663453E+02  0.184897E-15 -0.135545E-14
 -0.660000E+02 -0.405235E-16 -0.175750E-14
 -0.656547E+02 -0.324733E-15 -0.218840E-14
 -0.650000E+02 -0.281251E-15 -0.308003E-14
 -0.643453E+02  0.130956E-15 -0.361168E-14
 -0.640000E+02  0.287127E-15 -0.376530E-14
 -0.636547E+02  0.684631E-15 -0.394631E-14
 -0.630000E+02  0.102619E-14 -0.326741E-14
 -0.623453E+02  0.776121E-15 -0.206943E-14
 -0.620000E+02  0.621030E-15 -0.146770E-14
 -0.616547E+02  0.437285E-15 -0.103620E-14
 -0.610000E+02 -0.210042E-17 -0.222489E-15
 -0.603453E+02 -0.990446E-16  0.295325E-15
 -0.600000E+02 -0.159553E-15  0.198408E-15
 -0.596547E+02 -0.198843E-15  0.625576E-16
 -0.590000E+02  0.965159E-16 -0.268149E-15
 -0.583453E+02  0.387254E-15 -0.617590E-15
 -0.580000E+02  0.559727E-15 -0.826094E-15
 -0.576547E+02  0.550234E-15 -0.884798E-15
 -0.570000E+02  0.526065E-15 -0.856507E-15
 -0.563453E+02  0.514266E-15 -0.392058E-15
 -0.560000E+02  0.424849E-15 -0.561621E-17
 -0.556547E+02  0.226064E-15  0.365023E-15
 -0.550000E+02 -0.255511E-15  0.116706E-14
 -0.543453E+02 -0.846299E-16  0.112312E-14
 -0.540000E+02  0.172510E-15  0.631880E-15
 -0.536547E+02  0.456732E-15  0.135754E-15
 -0.530000E+02  0.811744E-15 -0.550575E-15
 -0.523453E+02  0.314122E-15 -0.270772E-15
 -0.520000E+02 -0.142085E-15  0.209756E-15
 -0.516547E+02 -0.613894E-15  0.738955E-15
 -0.510000E+02 -0.593254E-15  0.723146E-15
 -0.503453E+02 -0.200293E-15 -0.633759E-16
 -0.500000E+02  0.130773E-15 -0.525138E-15
 -0.496547E+02  0.367670E-15 -0.843552E-15
 -0.490000E+02  0.434647E-15 -0.395773E-15
 -0.483453E+02  0.975321E-16  0.418462E-15
 -0.480000E+02 -0.441412E-16  0.508585E-15
 -0.476547E+02 -0.208663E-15  0.360651E-15
 -0.470000E+02  0.618265E-15 -0.366560E-16
 -0.463453E+02  0.264827E-14  0.401116E-15
 -0.460000E+02  0.345309E-14  0.128560E-14
 -0.456547E+02  0.376815E-14  0.270453E-14
 -0.450000E+02  0.275760E-14  0.669798E-14
 -0.443453E+02 -0.305478E-15  0.111543E-13
 -0.440000E+02 -0.273264E-14  0.138637E-13
 -0.436547E+02 -0.599130E-14  0.170476E-13
 -0.430000E+02 -0.177990E-13  0.235638E-13
 -0.423453E+02 -0.414372E-13  0.270849E-13
 -0.420000E+02 -0.602692E-13  0.246614E-13
 -0.416547E+02 -0.841500E-13  0.166377E-13
 -0.410000E+02 -0.142529E-12 -0.237169E-13
 -0.403453E+02 -0.208641E-12 -0.118988E-12
 -0.400000E+02 -0.238681E-12 -0.203805E-12
 -0.396547E+02 -0.256565E-12 -0.320769E-12
 -0.390000E+02 -0.213002E-12 -0.652045E-12
 -0.383453E+02  0.471720E-13 -0.114396E-11
 -0.380000E+02  0.340725E-12 -0.146010E-11
 -0.376547E+02  0.795492E-12 -0.179485E-11
 -0.370000E+02  0.228702E-11 -0.234167E-11
 -0.363453E+02  0.493395E-11 -0.232877E-11
 -0.360000E+02  0.691565E-11 -0.178777E-11
 -0.356547E+02  0.933042E-11 -0.606976E-12
 -0.350000E+02  0.149192E-10  0.447781E-11
 -0.343453E+02  0.206780E-10  0.156528E-10
 -0.340000E+02  0.227515E-10  0.251778E-10
 -0.336547E+02  0.230846E-10  0.379197E-10
 -0.330000E+02  0.139756E-10  0.725342E-10
 -0.323453E+02 -0.203060E-10  0.121149E-09
 -0.320000E+02 -0.556996E-10  0.150663E-09
 -0.316547E+02 -0.108347E-09  0.179894E-09
 -0.310000E+02 -0.273064E-09  0.217320E-09
 -0.303453E+02 -0.550908E-09  0.180015E-09
 -0.300000E+02 -0.751141E-09  0.965116E-10
 -0.296547E+02 -0.987566E-09 -0.595150E-10
 -0.290000E+02 -0.150127E-08 -0.664445E-09
 -0.283453E+02 -0.194862E-08 -0.190105E-08
 -0.280000E+02 -0.203533E-08 -0.291379E-08
 -0.276547E+02 -0.189919E-08 -0.423278E-08
 -0.270000E+02 -0.501479E-09 -0.766920E-08
 -0.263453E+02  0.365069E-08 -0.121869E-07
 -0.260000E+02  0.764891E-08 -0.147256E-07
 -0.256547E+02  0.133865E-07 -0.170004E-07
 -0.250000E+02  0.305504E-07 -0.186184E-07
 -0.243453E+02  0.580258E-07 -0.112198E-07
 -0.240000E+02  0.770004E-07 -0.230867E-09
 -0.236547E+02  0.985835E-07  0.184434E-07
 -0.230000E+02  0.141791E-06  0.852568E-07
 -0.223453E+02  0.169987E-06  0.213182E-06
 -0.220000E+02  0.165444E-06  0.313830E-06
 -0.216547E+02  0.135147E-06  0.441228E-06
 -0.210000E+02 -0.448853E-07  0.757869E-06
 -0.203453E+02 -0.503476E-06  0.114146E-05
 -0.200000E+02 -0.919637E-06  0.133453E-05
 -0.196547E+02 -0.149697E-05  0.147945E-05
 -0.190000E+02 -0.314691E-05  0.141733E-05
 -0.183453E+02 -0.563922E-05  0.378250E-06
 -0.180000E+02 -0.727465E-05 -0.884289E-06
 -0.176547E+02 -0.904818E-05 -0.288680E-05
 -0.170000E+02 -0.122058E-04 -0.957334E-05
 -0.163453E+02 -0.132110E-04 -0.215693E-04
 -0.160000E+02 -0.115759E-04 -0.306003E-04
 -0.156547E+02 -0.731505E-05 -0.416584E-04
 -0.150000E+02  0.124648E-04 -0.675936E-04
 -0.143453E+02  0.571523E-04 -0.956950E-04
 -0.140000E+02  0.954443E-04 -0.107466E-03
 -0.136547E+02  0.146681E-03 -0.113092E-03
 -0.130000E+02  0.285598E-03 -0.885854E-04
 -0.123453E+02  0.480713E-03  0.265101E-04
 -0.120000E+02  0.600148E-03  0.148669E-03
 -0.116547E+02  0.720945E-03  0.331070E-03
 -0.110000E+02  0.896853E-03  0.898479E-03
 -0.103453E+02  0.841732E-03  0.184059E-02
 -0.100000E+02  0.617737E-03  0.250958E-02
 -0.965465E+01  0.177537E-03  0.329144E-02
 -0.900000E+01 -0.154664E-02  0.497362E-02
 -0.834535E+01 -0.499615E-02  0.648416E-02
 -0.800000E+01 -0.774414E-02  0.688970E-02
 -0.765465E+01 -0.112363E-01  0.673560E-02
 -0.700000E+01 -0.199552E-01  0.374665E-02
 -0.634535E+01 -0.307524E-01 -0.521926E-02
 -0.600000E+01 -0.365379E-01 -0.135224E-01
 -0.565465E+01 -0.415900E-01 -0.249571E-01
 -0.500000E+01 -0.456364E-01 -0.565986E-01
 -0.434535E+01 -0.346234E-01 -0.101436E+00
 -0.400000E+01 -0.189245E-01 -0.129054E+00
 -0.365465E+01  0.575608E-02 -0.157535E+00
 -0.300000E+01  0.811083E-01 -0.204950E+00
 -0.234535E+01  0.191877E+00 -0.225281E+00
 -0.200000E+01  0.258476E+00 -0.217949E+00
 -0.165465E+01  0.323894E+00 -0.196768E+00
 -0.100000E+01  0.423380E+00 -0.130967E+00
 -0.345346E+00  0.471033E+00 -0.772232E-01
  0.000000E+00  0.479539E+00 -0.691689E-01
  0.345346E+00  0.471033E+00 -0.772232E-01
  0.100000E+01  0.423380E+00 -0.130967E+00
  0.165465E+01  0.323894E+00 -0.196768E+00
  0.200000E+01  0.258476E+00 -0.217949E+00
  0.234535E+01  0.191877E+00 -0.225281E+00
  0.300000E+01  0.811083E-01 -0.204950E+00
  0.365465E+01  0.575608E-02 -0.157535E+00
  0.400000E+01 -0.189245E-01 -0.129054E+00
  0.434535E+01 -0.346234E-01 -0.101436E+00
  0.500000E+01 -0.456364E-01 -0.565986E-01
  0.565465E+01 -0.415900E-01 -0.249571E-01
  0.600000E+01 -0.365379E-01 -0.135224E-01
  0.634535E+01 -0.307524E-01 -0.521926E-02
  0.700000E+01 -0.199552E-01  0.374665E-02
  0.765465E+01 -0.112363E-01  0.673560E-02
  0.800000E+01 -0.774414E-02  0.688970E-02
  0.834535E+01 -0.499615E-02  0.648416E-02
  0.900000E+01 -0.154664E-02  0.497362E-02
  0.965465E+01  0.177537E-03  0.329144E-02
  0.100000E+02  0.617737E-03  0.250958E-02
  0.103453E+02  0.841732E-03  0.184059E-02
  0.110000E+02  0.896853E-03  0.898479E-03
  0.116547E+02  0.720945E-03  0.331070E-03
  0.120000E+02  0.600148E-03  0.148669E-03
  0.123453E+02  0.480713E-03  0.265101E-04
  0.130000E+02  0.285598E-03 -0.885854E-04
  0.136547E+02  0.146681E-03 -0.113092E-03
  0.140000E+02  0.954443E-04 -0.107466E-03
  0.143453E+02  0.571523E-04 -0.956950E-04
  0.150000E+02  0.124648E-04 -0.675936E-04
  0.156547E+02 -0.731505E-05 -0.416584E-04
  0.160000E+02 -0.115759E-04 -0.306003E-04
  0.163453E+02 -0.132110E-04 -0.215693E-04
  0.170000E+02 -0.122058E-04 -0.957334E-05
  0.176547E+02 -0.904818E-05 -0.288680E-05
  0.180000E+02 -0.727465E-05 -0.884289E-06
  0.183453E+02 -0.563922E-05  0.378250E-06
  0.190000E+02 -0.314691E-05  0.141733E-05
  0.196547E+02 -0.149697E-05  0.147945E-05
  0.200000E+02 -0.919637E-06  0.133453E-05
  0.203453E+02 -0.503476E-06  0.114146E-05
  0.210000E+02 -0.448853E-07  0.757869E-06
  0.216547E+02  0.135147E-06  0.441228E-06
  0.220000E+02  0.165444E-06  0.313830E-06
  0.223453E+02  0.169987E-06  0.213182E-06
  0.230000E+02  0.141791E-06  0.852568E-07
  0.236547E+02  0.985835E-07  0.184434E-07
  0.240000E+02  0.770004E-07 -0.230867E-09
  0.243453E+02  0.580258E-07 -0.112198E-07
  0.250000E+02  0.305504E-07 -0.186184E-07
  0.256547E+02  0.133865E-07 -0.170004E-07
  0.260000E+02  0.764891E-08 -0.147256E-07
  0.263453E+02  0.365069E-08 -0.121869E-07
  0.270000E+02 -0.501479E-09 -0.766920E-08
  0.276547E+02 -0.189918E-08 -0.423278E-08
  0.280000E+02 -0.203533E-08 -0.291379E-08
  0.283453E+02 -0.194862E-08 -0.190105E-08
  0.290000E+02 -0.150127E-08 -0.664444E-09
  0.296547E+02 -0.987566E-09 -0.595141E-10
  0.300000E+02 -0.751142E-09  0.965120E-10
  0.303453E+02 -0.550909E-09  0.180015E-09
  0.310000E+02 -0.273064E-09  0.217318E-09
  0.316547E+02 -0.108346E-09  0.179894E-09
  0.320000E+02 -0.556983E-10  0.150663E-09
  0.323453E+02 -0.203054E-10  0.121150E-09
  0.330000E+02  0.139748E-10  0.725337E-10
  0.336547E+02  0.230834E-10  0.379186E-10
  0.340000E+02  0.227506E-10  0.251766E-10
  0.343453E+02  0.206779E-10  0.156521E-10
  0.350000E+02  0.149191E-10  0.447691E-11
  0.356547E+02  0.933048E-11 -0.608005E-12
  0.360000E+02  0.691567E-11 -0.178847E-11
  0.363453E+02  0.493398E-11 -0.232940E-11
  0.370000E+02  0.228648E-11 -0.234218E-11
  0.376547E+02  0.794233E-12 -0.179472E-11
  0.380000E+02  0.339684E-12 -0.145980E-11
  0.383453E+02  0.465972E-13 -0.114364E-11
  0.390000E+02 -0.212757E-12 -0.652506E-12
  0.396547E+02 -0.255812E-12 -0.321438E-12
  0.400000E+02 -0.237942E-12 -0.204553E-12
  0.403453E+02 -0.207773E-12 -0.119322E-12
  0.410000E+02 -0.141644E-12 -0.236322E-13
  0.416547E+02 -0.840306E-13  0.159940E-13
  0.420000E+02 -0.604532E-13  0.240951E-13
  0.423453E+02 -0.420049E-13  0.267302E-13
  0.430000E+02 -0.182796E-13  0.239331E-13
  0.436547E+02 -0.505377E-14  0.171423E-13
  0.440000E+02 -0.136651E-14  0.137062E-13
  0.443453E+02  0.646919E-15  0.102225E-13
  0.450000E+02  0.252765E-14  0.596514E-14
  0.456547E+02  0.250951E-14  0.318383E-14
  0.460000E+02  0.236588E-14  0.179061E-14
  0.463453E+02  0.221478E-14  0.531344E-15
  0.470000E+02  0.136562E-14 -0.138947E-15
  0.476547E+02  0.485471E-15  0.376464E-15
  0.480000E+02  0.490356E-15  0.765486E-16
  0.483453E+02  0.497581E-15 -0.285480E-15
  0.490000E+02  0.356109E-15 -0.897429E-16
  0.496547E+02  0.599650E-16 -0.531324E-15
  0.500000E+02  0.445523E-16 -0.510774E-15
  0.503453E+02  0.192465E-16 -0.336718E-15
  0.510000E+02  0.183575E-15 -0.153920E-15
  0.516547E+02 -0.592217E-16 -0.389341E-16
  0.520000E+02 -0.103959E-15 -0.111662E-16
  0.523453E+02 -0.201804E-15 -0.727287E-16
  0.530000E+02 -0.148141E-15 -0.231350E-15
  0.536547E+02  0.298740E-15 -0.152556E-16
  0.540000E+02  0.246869E-15  0.335216E-15
  0.543453E+02  0.118464E-15  0.262864E-15
  0.550000E+02 -0.573449E-15 -0.174132E-15
  0.556547E+02 -0.208007E-15  0.452008E-15
  0.560000E+02  0.179897E-15  0.310344E-15
  0.563453E+02  0.302161E-15  0.194166E-15
  0.570000E+02 -0.285211E-15 -0.412407E-15
  0.576547E+02 -0.633237E-15 -0.648036E-15
  0.580000E+02 -0.233833E-15 -0.184154E-15
  0.583453E+02 -0.293132E-15  0.153905E-15
  0.590000E+02 -0.516174E-15  0.958279E-16
  0.596547E+02 -0.117272E-15 -0.129885E-15
  0.600000E+02 -0.182665E-15 -0.342683E-15
  0.603453E+02 -0.284466E-15 -0.196551E-15
  0.610000E+02 -0.217422E-15 -0.126265E-15
  0.616547E+02  0.287381E-15  0.239500E-15
  0.620000E+02  0.230110E-15  0.205346E-15
  0.623453E+02  0.666397E-16  0.177197E-15
  0.630000E+02  0.501896E-16 -0.239179E-15
  0.636547E+02 -0.311693E-16 -0.203117E-16
  0.640000E+02  0.662040E-16 -0.868477E-16
  0.643453E+02  0.135745E-15 -0.237878E-16
  0.650000E+02  0.385526E-15  0.537702E-16
  0.656547E+02 -0.345704E-15  0.211006E-15
  0.660000E+02 -0.295205E-15  0.669281E-16
  0.663453E+02  0.118357E-15 -0.794067E-16
  0.670000E+02  0.351319E-15 -0.412805E-16
  0.676547E+02  0.200455E-15  0.130845E-16
  0.680000E+02  0.221073E-15  0.373307E-15
  0.683453E+02 -0.179696E-15  0.365180E-15
  0.690000E+02 -0.108261E-15  0.160144E-15
  0.696547E+02  0.118832E-15 -0.203854E-15
  0.700000E+02 -0.191018E-15  0.127291E-15
  0.703453E+02 -0.981503E-16  0.184441E-15
  0.710000E+02 -0.504634E-16  0.209893E-15
  0.716547E+02 -0.559413E-15 -0.867168E-15
  0.720000E+02 -0.476116E-15 -0.722896E-15
  0.723453E+02 -0.554391E-15 -0.508284E-15
  0.730000E+02 -0.155585E-15 -0.788749E-16
  0.736547E+02 -0.102111E-15 -0.412682E-15
  0.740000E+02 -0.702943E-15 -0.683944E-15
  0.743453E+02 -0.265270E-15 -0.722732E-15
  0.750000E+02 -0.197653E-15  0.412925E-15
  0.756547E+02 -0.261270E-15 -0.103272E-15
  0.760000E+02  0.900280E-16 -0.407208E-15
  0.763453E+02 -0.328892E-15 -0.243516E-15
  0.770000E+02 -0.822605E-16 -0.253385E-17
  0.776547E+02 -0.316602E-15  0.341485E-15
  0.780000E+02 -0.124658E-15  0.392237E-15
  0.783453E+02  0.658919E-15  0.892205E-16
  0.790000E+02  0.848910E-15 -0.279615E-15
  0.796547E+02  0.788694E-15  0.640903E-15
  0.800000E+02  0.148022E-14  0.635426E-15
  0.803453E+02  0.824034E-15  0.495858E-15
  0.810000E+02  0.700866E-15 -0.118710E-15
  0.816547E+02  0.255608E-15 -0.374886E-15
  0.820000E+02 -0.122061E-15 -0.340485E-15
  0.823453E+02 -0.126620E-15 -0.236494E-15
  0.830000E+02 -0.105496E-15  0.224842E-15
  0.836547E+02 -0.601306E-15 -0.228099E-15
  0.840000E+02 -0.804447E-15  0.429388E-16
  0.843453E+02 -0.450281E-15  0.318072E-15
  0.850000E+02 -0.550507E-15  0.472914E-15
  0.856547E+02 -0.105242E-15  0.349207E-15
  0.860000E+02 -0.690056E-16 -0.383766E-15
  0.863453E+02  0.267940E-16 -0.485571E-15
  0.870000E+02  0.139509E-16  0.200816E-15
  0.876547E+02 -0.294154E-15  0.951499E-16
  0.880000E+02  0.180212E-15 -0.214041E-15
  0.883453E+02 -0.144942E-15 -0.244726E-15
  0.890000E+02  0.319537E-15 -0.209414E-15
  0.896547E+02  0.406098E-15 -0.479876E-16
  0.900000E+02 -0.152384E-16  0.676727E-15
  0.903453E+02  0.441933E-15  0.201847E-15
  0.910000E+02  0.573493E-15 -0.178440E-15
  0.916547E+02  0.134053E-14 -0.600084E-15
  0.920000E+02  0.117634E-14 -0.520822E-15
  0.923453E+02  0.136587E-14 -0.325321E-15
  0.930000E+02  0.554778E-15 -0.215480E-15
  0.936547E+02 -0.374128E-15 -0.844521E-15
  0.940000E+02 -0.709417E-15 -0.131405E-14
  0.943453E+02 -0.193050E-15 -0.875015E-15
  0.950000E+02  0.131601E-15 -0.716110E-16
  0.956547E+02 -0.329353E-15  0.276078E-15
  0.960000E+02 -0.130826E-15  0.458527E-15
  0.963453E+02 -0.256544E-15  0.121054E-15
  0.970000E+02  0.203308E-15  0.303484E-15
  0.976547E+02  0.237667E-16  0.239945E-15
  0.980000E+02 -0.145863E-15  0.121174E-15
  0.983453E+02  0.173941E-15  0.571446E-15
  0.990000E+02  0.189716E-15  0.142033E-15
  0.996547E+02 -0.447806E-15  0.639129E-16
  0.100000E+03 -0.176758E-15 -0.380162E-15
  0.100345E+03  0.505131E-15 -0.193026E-15
  0.101000E+03  0.267399E-15  0.788420E-16
  0.101655E+03 -0.144776E-15 -0.892936E-16
  0.102000E+03 -0.540673E-15  0.482653E-16
  0.102345E+03 -0.124348E-15  0.157214E-15
  0.103000E+03  0.487414E-16  0.100717E-15
  0.103655E+03  0.416556E-15  0.557088E-16
  0.104000E+03  0.662070E-16 -0.178649E-15
  0.104345E+03 -0.191448E-15 -0.296874E-15
  0.105000E+03  0.214227E-16  0.106277E-15
  0.105655E+03  0.367417E-16  0.247676E-15
  0.106000E+03  0.208114E-15 -0.331845E-17
  0.106345E+03  0.128696E-15  0.563938E-16
  0.107000E+03 -0.169627E-15 -0.198376E-15
  0.107655E+03  0.192414E-15 -0.657966E-17
  0.108000E+03  0.351401E-15  0.234463E-15
  0.108345E+03 -0.218918E-16  0.417348E-17
  0.109000E+03 -0.227797E-15 -0.589926E-16
  0.109655E+03  0.597462E-16  0.326774E-15
  0.110000E+03 -0.195417E-16  0.250620E-15
  0.110345E+03  0.153516E-15 -0.202578E-15
  0.111000E+03  0.179769E-15 -0.307545E-15
  0.111655E+03 -0.791034E-16  0.341785E-15
  0.112000E+03 -0.521967E-15  0.144686E-15
  0.112345E+03 -0.334745E-15  0.177824E-15
  0.113000E+03  0.179275E-15 -0.251846E-15
  0.113655E+03  0.449310E-15 -0.256266E-15
  0.114000E+03  0.164456E-15  0.179831E-15
  0.114345E+03 -0.302925E-16  0.152223E-15
  0.115000E+03 -0.590345E-15 -0.134694E-16
  0.115655E+03  0.450020E-15 -0.273926E-16
  0.116000E+03  0.232439E-15 -0.900442E-16
  0.116345E+03  0.246539E-15  0.170617E-15
  0.117000E+03 -0.173200E-15 -0.138283E-15
  0.117655E+03 -0.232519E-15 -0.342380E-15
  0.118000E+03  0.817408E-16 -0.974402E-16
  0.118345E+03  0.379534E-16  0.242618E-15
  0.119000E+03  0.240159E-15  0.189572E-15
  0.119655E+03 -0.218995E-15 -0.271272E-15
  0.120000E+03  0.225635E-16 -0.260425E-15
  0.120345E+03  0.471078E-16 -0.286881E-15
  0.121000E+03  0.194721E-15  0.261545E-15
  0.121655E+03 -0.690914E-16  0.336903E-15
  0.122000E+03 -0.497947E-15  0.851398E-16
  0.122345E+03 -0.585540E-16 -0.348229E-15
  0.123000E+03  0.151927E-15 -0.116474E-15
  0.123655E+03  0.741005E-16  0.147898E-15
  0.124000E+03  0.223175E-15  0.253198E-15
  0.124345E+03 -0.122264E-15  0.100962E-15
  0.125000E+03 -0.160209E-15  0.356637E-16
  0.125655E+03  0.191306E-15 -0.748073E-16
  0.126000E+03 -0.895560E-16 -0.130876E-15
  0.126345E+03  0.583660E-16 -0.115010E-15
  0.127000E+03  0.149260E-16  0.158194E-16
  0.127655E+03 -0.276665E-16  0.282085E-15
  0.128000E+03 -0.212925E-15 -0.122355E-15
  0.128345E+03 -0.572217E-16 -0.107688E-15
  0.129000E+03 -0.935013E-16 -0.270336E-15
  0.129655E+03  0.346112E-16  0.973273E-16
  0.130000E+03  0.105913E-15  0.383871E-15
  0.130345E+03  0.259757E-15  0.188686E-15
  0.131000E+03 -0.323168E-15 -0.222356E-15
  0.131655E+03 -0.127167E-15 -0.835803E-16
  0.132000E+03  0.638618E-16  0.844356E-16
  0.132345E+03  0.285608E-15  0.876527E-16
  0.133000E+03  0.131383E-15  0.134248E-15
  0.133655E+03 -0.356931E-15  0.100437E-15
  0.134000E+03 -0.379791E-15 -0.804379E-15
  0.134345E+03 -0.323875E-15  0.426447E-16
  0.135000E+03  0.807640E-15 -0.576062E-16
  0.135655E+03 -0.223307E-15  0.251459E-15
  0.136000E+03 -0.370023E-15  0.300451E-16
  0.136345E+03 -0.346085E-15 -0.150919E-15
  0.137000E+03  0.591800E-16 -0.966784E-16
  0.137655E+03  0.508476E-15  0.754004E-16
  0.138000E+03 -0.154333E-15  0.247541E-15
  0.138345E+03  0.897070E-16 -0.227753E-17
  0.139000E+03 -0.456349E-15 -0.209636E-16
  0.139655E+03  0.196666E-15 -0.660263E-16
  0.140000E+03  0.559982E-16  0.286288E-15
  0.140345E+03  0.746356E-16  0.626498E-16
  0.141000E+03  0.212376E-16 -0.789840E-16
  0.141655E+03 -0.638614E-16  0.316633E-16
  0.142000E+03 -0.477612E-16  0.252898E-16
  0.142345E+03 -0.546990E-16  0.167625E-15
  0.143000E+03 -0.156636E-15  0.744155E-16
  0.143655E+03  0.179643E-15 -0.205252E-15
  0.144000E+03  0.338331E-16 -0.152843E-17
  0.144345E+03  0.176351E-15 -0.114993E-15
  0.145000E+03 -0.309012E-15  0.212365E-15
  0.145655E+03 -0.133937E-15  0.193470E-15
  0.146000E+03  0.169720E-15 -0.353032E-15
  0.146345E+03  0.170755E-15 -0.283335E-15
  0.147000E+03  0.402827E-16  0.465522E-16
  0.147655E+03 -0.288338E-15  0.327865E-15
  0.148000E+03 -0.367843E-15  0.174857E-15
  0.148345E+03  0.122994E-15 -0.595490E-16
  0.149000E+03  0.177778E-15 -0.937796E-16
  0.149655E+03  0.141890E-16 -0.800670E-16
  0.150000E+03 -0.109119E-15  0.336280E-15
  0.150345E+03 -0.232634E-15 -0.705003E-16
  0.151000E+03  0.127304E-15  0.184614E-15
  0.151655E+03  0.196847E-18  0.949146E-17
  0.152000E+03 -0.131400E-15  0.206559E-15
  0.152345E+03 -0.208680E-15 -0.472592E-15
  0.153000E+03  0.125513E-15 -0.550069E-16
  0.153655E+03  0.164988E-15  0.534802E-15
  0.154000E+03 -0.263633E-15  0.773229E-17
  0.154345E+03 -0.196015E-15 -0.873830E-16
  0.155000E+03  0.113305E-15 -0.469918E-15
  0.155655E+03  0.216715E-15  0.282080E-15
  0.156000E+03 -0.121557E-15  0.503794E-15
  0.156345E+03 -0.283014E-15  0.159830E-15
  0.157000E+03 -0.153824E-15 -0.174214E-15
  0.157655E+03  0.355964E-15 -0.933121E-16
  0.158000E+03  0.116991E-15 -0.188302E-15
  0.158345E+03 -0.100211E-15  0.234736E-15
  0.159000E+03 -0.637680E-17 -0.734495E-16
  0.159655E+03  0.708974E-16  0.238545E-16
  0.160000E+03  0.779479E-16  0.211563E-15
  0.160345E+03  0.143880E-15  0.280358E-15
  0.161000E+03 -0.298967E-15 -0.296599E-15
  0.161655E+03  0.615470E-17 -0.150825E-15
  0.162000E+03  0.384909E-15 -0.312082E-15
  0.162345E+03  0.100672E-15  0.378050E-15
  0.163000E+03 -0.155106E-15  0.224489E-15
  0.163655E+03  0.398853E-16 -0.572445E-15
  0.164000E+03 -0.801907E-16 -0.379595E-15
  0.164345E+03  0.169528E-15 -0.833630E-17
  0.165000E+03 -0.109632E-15  0.421463E-15
  0.165655E+03 -0.250044E-15 -0.431920E-16
  0.166000E+03  0.332589E-16 -0.183228E-15
  0.166345E+03  0.888473E-16 -0.195049E-15
  0.167000E+03  0.150614E-15 -0.525810E-16
  0.167655E+03 -0.222996E-15  0.391782E-16
  0.168000E+03 -0.258818E-15  0.740697E-17
  0.168345E+03  0.115875E-15  0.147639E-15
  0.169000E+03  0.287230E-15 -0.100559E-15
  0.169655E+03 -0.199347E-15 -0.993645E-16
  0.170000E+03 -0.216336E-15  0.113404E-16
  0.170345E+03 -0.730248E-16  0.388475E-16
  0.171000E+03  0.282949E-15  0.112896E-15
  0.171655E+03  0.177856E-17 -0.178714E-16
  0.172000E+03 -0.128131E-15 -0.120472E-15
  0.172345E+03 -0.169258E-15  0.385647E-16
  0.173000E+03  0.213039E-15  0.718819E-17
  0.173655E+03 -0.327454E-15 -0.195716E-16
  0.174000E+03  0.975084E-16  0.254410E-15
  0.174345E+03  0.925824E-16  0.126626E-16
  0.175000E+03  0.729979E-16 -0.119001E-15
  0.175655E+03  0.111040E-15  0.201864E-15
  0.176000E+03 -0.345392E-15 -0.573072E-16
  0.176345E+03 -0.175277E-15 -0.209501E-15
  0.177000E+03  0.606016E-16 -0.127596E-15
  0.177655E+03  0.233372E-15  0.176331E-15
  0.178000E+03  0.325286E-15 -0.287108E-17
  0.178345E+03 -0.245714E-16  0.226739E-15
  0.179000E+03 -0.557211E-15 -0.249696E-15
  0.179655E+03  0.394963E-15 -0.193150E-15
  0.180000E+03  0.417787E-15  0.650781E-16
  0.180345E+03  0.166948E-15  0.489161E-15
  0.181000E+03 -0.252699E-15 -0.292159E-15
  0.181655E+03 -0.833920E-16 -0.235094E-15
  0.182000E+03  0.412018E-15  0.206733E-15
  0.182345E+03  0.117253E-15  0.241944E-15
  0.183000E+03 -0.202334E-16  0.782207E-17
  0.183655E+03  0.483435E-16 -0.847266E-16
  0.184000E+03 -0.285529E-15  0.137680E-15
  0.184345E+03 -0.453155E-17  0.148554E-15
  0.185000E+03  0.177784E-16 -0.261858E-15
  0.185655E+03 -0.477501E-16 -0.731761E-16
  0.186000E+03  0.314090E-15  0.276747E-16
  0.186345E+03  0.120489E-15  0.306526E-15
  0.187000E+03 -0.998731E-16  0.380374E-17
  0.187655E+03 -0.226357E-15 -0.118537E-15
  0.188000E+03 -0.165694E-15 -0.610995E-15
  0.188345E+03  0.308336E-15  0.281156E-15
  0.189000E+03  0.177849E-16 -0.669428E-16
  0.189655E+03 -0.313247E-15  0.299800E-15
  0.190000E+03 -0.119839E-15 -0.265439E-15
  0.190345E+03  0.420584E-15 -0.771406E-16
  0.191000E+03 -0.283012E-16 -0.235955E-15
  0.191655E+03 -0.411483E-15  0.318107E-16
  0.192000E+03 -0.302189E-15  0.473235E-15
  0.192345E+03  0.355693E-15  0.240773E-15
  0.193000E+03  0.288148E-15 -0.111584E-15
  0.193655E+03 -0.368270E-15 -0.245905E-15
  0.194000E+03 -0.533678E-15 -0.269376E-15
  0.194345E+03 -0.323509E-16  0.214968E-15
  0.195000E+03  0.479804E-15  0.356198E-15
  0.195655E+03 -0.139697E-15 -0.243479E-15
  0.196000E+03 -0.400239E-15 -0.388417E-15
  0.196345E+03 -0.505172E-15 -0.132749E-15
  0.197000E+03  0.250253E-15  0.166440E-16
  0.197655E+03  0.236002E-15 -0.163956E-17
  0.198000E+03  0.171099E-15  0.107842E-15
  0.198345E+03 -0.329326E-16  0.288412E-15
  0.199000E+03 -0.217333E-15 -0.232557E-15
  0.199655E+03  0.238784E-15 -0.467383E-15
